4.848915550184055405e+02
4.893911782449288239e+02
4.628865749487043786e+02
5.172184791068716549e+02
4.556690486048172488e+02
4.557422055359207320e+02
4.767753354860433319e+02
4.176209433276177379e+02
4.388158414444548043e+02
4.417726419484994267e+02
5.127757162482591866e+02
4.706052962709446774e+02
4.520014822812594844e+02
4.335369972489171460e+02
4.497618216039758750e+02
4.494243101237681799e+02
4.667454784563614112e+02
4.914820026230998451e+02
4.727072101350494790e+02
4.262117691902860201e+02
4.878078129346155833e+02
4.617612643766783549e+02
4.204323995903026230e+02
4.505067092401634454e+02
4.741527189846227657e+02
4.730654911857778870e+02
4.425146375653202995e+02
4.932121529394812001e+02
4.365460768009857020e+02
4.710815283064512755e+02
4.461700315863083688e+02
4.267374769719425558e+02
4.836662268345619395e+02
4.564737581366866834e+02
4.688074617208027348e+02
4.681053045585409791e+02
4.554744743177647024e+02
3.772235133346446787e+02
4.576747102921980854e+02
4.570444038603806121e+02
4.469105872460921205e+02
4.970276407588823986e+02
4.276070310582092588e+02
4.784758993241051712e+02
4.342540367254603666e+02
4.521732209891291063e+02
4.272944329630946640e+02
4.356690277793567816e+02
4.553732790705466869e+02
4.456816618468506022e+02
4.020869502336348660e+02
4.332677170015691104e+02
4.376929662399221570e+02
4.980808449827480899e+02
4.481668961987956550e+02
3.818037923679657979e+02
4.400818496723269391e+02
4.313936422848723282e+02
4.349942031379481477e+02
4.691729273795763220e+02
4.574535350786220533e+02
4.746224327453119827e+02
4.489420827490655483e+02
4.003998339290145623e+02
4.318668537946197716e+02
3.811006833784747414e+02
3.944766822899682666e+02
3.974702583154837612e+02
4.002446135004713597e+02
4.468190427540998826e+02
4.278907777222252662e+02
3.714781287463487160e+02
4.261170022200706171e+02
3.798121907492894707e+02
4.311615090626908682e+02
4.215830099171485017e+02
3.922149140188728325e+02
4.199377874164370610e+02
4.656313904296208079e+02
3.724142351058523559e+02
3.773907772981404491e+02
4.398497447049849711e+02
4.324366344595746909e+02
4.266235133962523491e+02
3.930093700218857293e+02
3.720778952080604540e+02
3.948256645672244076e+02
4.037979648772464998e+02
3.942290247988788678e+02
3.842242577538688693e+02
4.092423115820346879e+02
3.566372450792375162e+02
3.803353332468100234e+02
3.994950783351126802e+02
3.581364755952287737e+02
3.683708502522030699e+02
3.863988669866322994e+02
3.833650531341274359e+02
3.498313591305130217e+02
3.762547587408537311e+02
3.833875636660094415e+02
4.032750297306965876e+02
3.275671387305727649e+02
3.824462573401774534e+02
3.805289367770266153e+02
3.802709313891044758e+02
3.898154581930901372e+02
3.497730734443013034e+02
3.340667736632397578e+02
3.406957149530214792e+02
4.226862604048801586e+02
3.718090612169593783e+02
3.350230016706779566e+02
3.490540909409157848e+02
3.235964235374307805e+02
3.210595737605769386e+02
3.422380415664840143e+02
4.030748813588467669e+02
2.758733955115518484e+02
3.146307197676541136e+02
3.085509429405423134e+02
3.453041308133671237e+02
2.919593492992423194e+02
3.115194792698139850e+02
3.765170178017066860e+02
2.834984662693732389e+02
3.827473954071153344e+02
2.712455539277820549e+02
3.525642386692728678e+02
3.255881358087311810e+02
2.821687752138670362e+02
2.104283838584400996e+02
2.977657437265651765e+02
3.519782728350748471e+02
2.874545980609163962e+02
3.415310765484616695e+02
3.308117752150881188e+02
2.640827212532836370e+02
2.970981174554962649e+02
2.908060574240454343e+02
2.896906013140996947e+02
3.314261851297108024e+02
3.453848914837442408e+02
2.743762536940996597e+02
2.848832828585392463e+02
2.677214813365844748e+02
2.537838281361859458e+02
2.796629561077108974e+02
2.934164063435271146e+02
2.882784897114053138e+02
2.364753895066258451e+02
2.812051598648316144e+02
2.555890149783709830e+02
2.919644214370309783e+02
2.674546103611664307e+02
2.419073721472773570e+02
2.705854257838560102e+02
2.823615375817643667e+02
2.610192152022868299e+02
2.476383880641515134e+02
2.381654711031485476e+02
2.080406944836437049e+02
1.997281498653636902e+02
2.619630930957551982e+02
2.432443023867502347e+02
2.214441976324729922e+02
2.213666894155572322e+02
2.456172627766783307e+02
1.888601469588907662e+02
2.232647806791264031e+02
1.834524899669766000e+02
2.127009632159279704e+02
1.884443898701794637e+02
1.563474000658241607e+02
1.754419232322003381e+02
2.035188350129562593e+02
2.171089042155113304e+02
1.879873970883857339e+02
1.851726287607077950e+02
1.925712025926790147e+02
1.956232596331382751e+02
1.739249860429362684e+02
1.950288571195079328e+02
1.781759923111438582e+02
1.715042282738552331e+02
1.664221386463694330e+02
2.063263043725495436e+02
2.244850214862472626e+02
1.831492219705205571e+02
2.197563643388691048e+02
1.259460280868495801e+02
8.448906762733116693e+01
1.224931802490185504e+02
1.525741408605732943e+02
1.678816752682271272e+02
1.094573321210426116e+02
9.383701861685194956e+01
1.658550085252433348e+02
7.609922395492600344e+01
1.210723018298951956e+02
7.368480505255594437e+01
1.186781017800629456e+02
1.020161192697585335e+02
8.048101835351025102e+01
1.131044219709716145e+02
1.278244141013292818e+02
5.742756953811904452e+01
1.103901735043362464e+02
1.439199221073668014e+02
1.297238591043421820e+02
1.531220531441632886e+02
8.078057405749018471e+01
1.045559918258497447e+02
5.318767665728745442e+01
1.108243553037588782e+02
4.050579958105400635e+01
6.484909935160393957e+01
1.149257018200843419e+02
1.156332003925688667e+02
1.258918411220761868e+01
7.212484528174792331e+01
-4.511733513558283448e+00
1.528263734122130302e+01
6.231652998034719815e+01
3.280122500001465369e+01
4.323242164218337535e+01
1.243360988605973461e+01
2.298741679114576186e+01
3.257126874750454704e+01
1.605713762173667192e+01
8.849033403492653349e+01
5.436427196963236952e+00
1.993573564690510835e+01
3.860585842691021696e+01
1.139122230941318037e+00
5.674047360822228825e+00
-3.466042608187785845e+01
5.701243416900488370e+01
2.182672174887588312e+01
9.376168401831378674e+01
-5.578260503410799487e+00
-5.307123051784236623e+01
-3.070646319959665504e+01
-3.055209519230856330e+01
3.631962859124102749e+01
-1.767413151782975689e+01
-1.825473091286736249e+01
2.197674225976599516e+01
-5.797581264701426562e+01
-5.626854760154269286e+01
-5.356245556830229404e+00
-7.824004715625056861e+01
-5.894349693135895052e+01
-6.033686544883477865e+01
-4.424973070071932568e+01
-4.073138656157212267e+01
-5.915250056492478592e+01
-7.242529900693483569e+01
-4.323175161228083141e+01
-5.841529060177992250e+01
-1.146121712908440884e+02
-8.754211553234182475e+01
-9.369308048035426850e+01
-1.227518714118664747e+02
-6.926248160761272743e+01
-6.102308366228628955e+01
-8.528797109704942159e+01
-1.059832756708056252e+02
-1.153609810059534766e+02
-6.247783250571896474e+01
-7.071141618418697306e+01
-8.300102000486054976e+01
-1.761547262799447822e+02
-8.780063074496237618e+01
-9.708285631897614110e+01
-1.087208889732547874e+02
-7.938326050657272503e+01
-1.073834496253820134e+02
-1.352310685357435602e+02
-1.118570930215133927e+02
-1.180814883185377653e+02
-1.037212491542527886e+02
-9.689488672002238445e+01
-1.971472910163629138e+02
-1.951953783290469460e+02
-1.415828290990040728e+02
-1.353868921253704798e+02
-1.233673310763576580e+02
-1.442311786544467509e+02
-1.987025309558226809e+02
-1.472304706168587245e+02
-1.414372971617598864e+02
-1.579950070084329354e+02
-1.802567947448699783e+02
-1.445854785232872928e+02
-1.703626441184062514e+02
-1.611486886417441440e+02
-1.473945924607805011e+02
-1.896138828751881533e+02
-1.978372949897571118e+02
-1.647836013282918373e+02
-1.643836273004349664e+02
-1.810409677307602578e+02
-2.196234482346006018e+02
-2.527305675897740400e+02
-1.826904918966368143e+02
-1.968681013060349301e+02
-1.348333799681206244e+02
-2.078558395141260178e+02
-1.996319993902375813e+02
-2.406938365322596098e+02
-1.634288128666495936e+02
-1.749963973395163066e+02
-2.553749780263586615e+02
-2.269021979487294800e+02
-2.822271567482759451e+02
-2.390647743255441924e+02
-2.675509217544470744e+02
-2.153477466870457135e+02
-2.815884727747679790e+02
-2.558015638191834000e+02
-2.563456238663746944e+02
-2.587514074420292332e+02
-3.350982073332631899e+02
-2.639232857760337083e+02
-2.043212474623835533e+02
-2.706421997553741221e+02
-1.881511719851704925e+02
-2.677012230765812433e+02
-2.649342942278220789e+02
-2.908349230690733975e+02
-2.773462688806257006e+02
-3.004779261500603411e+02
-2.894609173405060574e+02
-3.640498021269760329e+02
-2.498372111158243740e+02
-3.001892991327652567e+02
-3.348126658221825664e+02
-3.285728675173420470e+02
-2.698430456950743519e+02
-2.789104641421408246e+02
-3.189327813555277089e+02
-3.424867695809734869e+02
-3.156475701888380740e+02
-2.897128898799605849e+02
-3.244634595379507118e+02
-3.486479626252923936e+02
-3.009933139720824329e+02
-3.115612491670244708e+02
-2.961718155700294801e+02
-3.421101006961008011e+02
-3.500828022450422736e+02
-3.781636460502294881e+02
-3.723780294221912754e+02
-3.989114090629999509e+02
-3.325992825290887254e+02
-3.577414628483246588e+02
-3.449747217180956795e+02
-3.428582514967010297e+02
-3.596203612407605874e+02
-3.418922735215304556e+02
-3.939735434478935758e+02
-3.507908995066011926e+02
-3.577398598845165338e+02
-3.768487230711068605e+02
-3.571305760641953384e+02
-3.530952055969258367e+02
-3.367917349407429697e+02
-3.622957973317933238e+02
-3.223093196304670869e+02
-4.297831311336236695e+02
-3.955712102372729078e+02
-3.635529388826627155e+02
-3.757219819651121497e+02
-4.018989246830321918e+02
-4.134648359879698205e+02
-4.172444391002355815e+02
-4.186364791089117716e+02
-3.775270280670966940e+02
-4.202350471161421979e+02
-4.138968078984133285e+02
-3.219540225310230994e+02
-3.663926865807992499e+02
-4.040202274269998952e+02
-4.238645465488628474e+02
-3.858931323043876773e+02
-3.902087254726953347e+02
-3.925669566392081151e+02
-4.350606186794210544e+02
-4.174896242608960506e+02
-4.119205000713692471e+02
-4.078252152533327717e+02
-4.044016918503628517e+02
-3.981265514318423016e+02
-4.271824775316046043e+02
-4.141066527499401104e+02
-4.207498546534243360e+02
-4.632151886476862046e+02
-4.338405974712605939e+02
-4.336589459035598679e+02
-4.081985680372670799e+02
-4.352860020503624696e+02
-4.530109414856956391e+02
-4.351022856652023165e+02
-4.058676033700753578e+02
-4.509040989227471528e+02
-4.036298802759736759e+02
-4.178086838370118130e+02
-4.424607831730067460e+02
-4.496954430727448084e+02
-4.693576215455527745e+02
-3.865302971887684862e+02
-4.705037914916707678e+02
-4.113761637249048135e+02
-4.729766180148476451e+02
-5.022952239274459316e+02
-4.936595735848070490e+02
-4.661324239563662672e+02
-4.201162126205377945e+02
-4.386236680676342985e+02
-4.711420663848511481e+02
-5.048272738643456705e+02
-4.676220894198360156e+02
-4.653931650895376606e+02
-4.946354616217233229e+02
-4.956149278683748207e+02
-4.974421322118134867e+02
-4.370874983434899264e+02
-5.060376468772282692e+02
-4.989802175614389625e+02
-4.776545216450195426e+02
-4.386278293025960693e+02
-5.047294544162829766e+02
-4.790446245887115992e+02
-4.691209846618056076e+02
-4.954243405077567104e+02
-5.327159467754933075e+02
-4.935324126034429923e+02
-5.092509156384158473e+02
-4.953809298263083178e+02
-4.202275834528967948e+02
-5.118476545038526524e+02
-4.778181986853068111e+02
-4.818490832671581643e+02
-4.827207395563434602e+02
-4.768808025105113302e+02
-4.705312969022278935e+02
-4.620843827662463354e+02
-5.095616149046530268e+02
-4.693329891523260358e+02
-4.954294714924222944e+02
-5.065699276852769799e+02
-5.026230537388182142e+02
-5.500565787380855909e+02
-4.907823174042392793e+02
-5.202471828416330482e+02
-5.043803286336822680e+02
-5.155496853882455071e+02
-4.952638485897213059e+02
-5.276845890008313518e+02
-4.828543457492597781e+02
-5.118267762329307402e+02
-4.806978566233180459e+02
-5.340310918114362266e+02
-4.709926600923434989e+02
-5.352900475848927044e+02
-5.627308691752233472e+02
-5.067270926905234774e+02
-5.511822432355884303e+02
-5.138296039512083553e+02
-5.601317344577917083e+02
-5.027761319258428898e+02
-4.674231876930690532e+02
-5.691087272316761982e+02
-5.252117507882337577e+02
-5.315629541046469058e+02
-5.623342420270387265e+02
-5.276952482001026965e+02
-5.153720551434221306e+02
-5.089643322502728324e+02
-5.071596194888805371e+02
-5.209100201689600453e+02
-5.298424660271161883e+02
-5.477672775524281406e+02
-5.289857208208702559e+02
-5.242236721242626345e+02
-5.031136575473532275e+02
-5.419649531267502880e+02
-5.423754427580848869e+02
-5.765304489187075205e+02
-5.056267702949625686e+02
-5.583777625968850771e+02
-5.296245435117793932e+02
-4.845427872672801186e+02
-5.363822053977556834e+02
-5.235906104032234225e+02
-5.373264976660224193e+02
-5.600091223987554940e+02
-4.760595346225828735e+02
-5.471353696934838808e+02
-4.880094673304884623e+02
-5.281716110043028038e+02
-5.089644767819967797e+02
-5.029862980408179851e+02
-4.982666987232857423e+02
-4.901229143512648534e+02
-4.672586411603043643e+02
-4.772895642080512175e+02
-5.487433151629209078e+02
-5.386237834599653524e+02
-5.131211885395475747e+02
-5.293100878981364303e+02
-4.765066689139936216e+02
-5.269267002265402198e+02
-5.093754431196275050e+02
-5.351968046133504231e+02
-5.151737015203410692e+02
-5.413012491289854324e+02
-5.632142721749770544e+02
-5.193237961004398358e+02
-4.751359847910172221e+02
-4.928702878453867129e+02
-5.299668782995499896e+02
-5.047561860165544090e+02
-4.795479598057920043e+02
-5.421098531492199299e+02
-5.080013919860168699e+02
-5.387913218799652668e+02
-5.224892246274082481e+02
-5.048356207265113085e+02
-4.973942974022166936e+02
-4.854645551809603035e+02
-5.301636804048300746e+02
-5.574745060557238503e+02
-5.319894170087304701e+02
-5.186710537596641188e+02
-5.142445987592556094e+02
-4.859278618739227227e+02
-5.617607552048455091e+02
-4.692687868452862290e+02
-5.239603079134532209e+02
-5.223398709531584245e+02
-5.004037755780582870e+02
-4.801053321720876852e+02
-5.179181072130926395e+02
-5.114089322911098066e+02
-4.865271394703058263e+02
-4.854530700568541306e+02
-5.041306150491266180e+02
-4.780384279065023634e+02
-4.746077691993577332e+02
-4.408979113539503487e+02
-4.692860530877769065e+02
-4.831120507945551026e+02
-5.191534532979868573e+02
-5.050874008498374224e+02
-4.721729114534335281e+02
-4.926519040739986508e+02
-4.239330886719571936e+02
-4.888552715426767463e+02
-4.605567986785911216e+02
-4.733766967563534536e+02
-4.423334239660244975e+02
-4.810368597257641454e+02
-4.908014632397802757e+02
-4.779798698469505212e+02
-4.379344556299920441e+02
-4.923776844012172660e+02
-4.480580976028192595e+02
-4.644915241375140340e+02
-4.899938847849011836e+02
-4.842042933941613114e+02
-4.835126731211339575e+02
-5.098089646824878969e+02
-4.276681101974347712e+02
-5.038099948904614962e+02
-4.917845080969127025e+02
-4.218851584133855681e+02
-4.903026654506098225e+02
-4.387003754121839165e+02
-5.416133988511671760e+02
-5.067790513376706940e+02
-4.328582376219557659e+02
-4.204335240411021459e+02
-4.425283832520132705e+02
-4.359954704032232371e+02
-4.540126827310912745e+02
-4.781161785633462387e+02
-5.046276724684031478e+02
-4.818216959655350138e+02
-4.450754666144800922e+02
-4.212145218410014991e+02
-4.767280609036957344e+02
-4.747725714040556113e+02
-4.270387241665443980e+02
-4.386050336298348498e+02
-4.580170839812625445e+02
-4.859594373645419978e+02
-4.369362161843473586e+02
-4.277910731655337599e+02
-4.288972077761238211e+02
-4.271145673444697763e+02
-4.274314176595143522e+02
-4.480549499581202895e+02
-4.671556643418359158e+02
-4.604601131300479437e+02
-4.427476232553699447e+02
-4.280796411322724566e+02
-4.374562488266830087e+02
-4.403170329856873764e+02
-4.488744559755602950e+02
-3.922079490777609863e+02
-4.147395874106921383e+02
-4.058113462086785717e+02
-3.761391613113824519e+02
-4.196953262623259775e+02
-4.035193478199072956e+02
-4.228667957181789347e+02
-3.462966486889868065e+02
-3.774148213351475079e+02
-4.037003973231479108e+02
-4.076049398624127207e+02
-4.074465678628957335e+02
-3.847453345568657710e+02
-3.765398132395512221e+02
-3.713985779329909178e+02
-4.388947787738800344e+02
-3.399965831322036820e+02
-3.243797325885431633e+02
-3.934239086370965879e+02
-3.532268819855578386e+02
-3.515037242871210879e+02
-3.602619635472775030e+02
-3.663427155575868710e+02
-3.827218309395189522e+02
-3.255535742586501442e+02
-3.886862455906165223e+02
-3.171350497853466095e+02
-2.815464403888415177e+02
-3.429505213796438170e+02
-3.422788538130938605e+02
-3.226024203446924048e+02
-3.649735740592947764e+02
-3.940159677382658856e+02
-3.695545250117044702e+02
-3.223077907113735705e+02
-3.316468981907090665e+02
-3.264976107723325640e+02
-2.988561155908964224e+02
-3.158708567240795446e+02
-3.413879534435793630e+02
-3.240351444119961002e+02
-3.001207674901831410e+02
-3.127890398423043621e+02
-2.784648219511180969e+02
-3.091886170064482258e+02
-2.641167088436957897e+02
-3.028865947718330176e+02
-3.325140359556991143e+02
-3.161987635542766384e+02
-2.935560944064538376e+02
-2.947022783224203977e+02
-2.879744388660511163e+02
-3.153998287053159970e+02
-3.208115501604187330e+02
-2.358890758475695861e+02
-2.854958387976515155e+02
-2.719036470580824698e+02
-2.920271427688941799e+02
-2.825221416070945111e+02
-2.633018824024733817e+02
-2.522438209902757364e+02
-2.340889149754895868e+02
-3.364075643578024710e+02
-2.980016108222361026e+02
-2.892949988267967569e+02
-2.351352336733071695e+02
-2.658531953472678424e+02
-2.621153562880539880e+02
-2.872569928457603510e+02
-2.405021596810929339e+02
-2.336003794442175945e+02
-1.984273923182396686e+02
-2.322723540421293649e+02
-2.418724128531354722e+02
-2.308752152163039000e+02
-2.639490304266387284e+02
-1.757544379360922733e+02
-2.370517850286978785e+02
-2.322307425344448006e+02
-1.907999072120948370e+02
-1.434866929586601145e+02
-1.830042989353503629e+02
-1.632692229052943844e+02
-1.984088356506726996e+02
-1.826106079733195884e+02
-1.330423974016724742e+02
-2.014314514429681537e+02
-2.279070485135432023e+02
-1.484960799491410057e+02
-2.129249642968450189e+02
-1.429496661486275570e+02
-1.456366528399612434e+02
-2.151639512372433956e+02
-1.791759481848784503e+02
-1.266301435031908227e+02
-1.497743614977396476e+02
-1.797263000563526134e+02
-1.556749690947786178e+02
-1.084908907900512673e+02
-1.351507330262147377e+02
-1.591980803981486758e+02
-1.765389891589262561e+02
-8.044916657648107616e+01
-1.457092294058443542e+02
-1.267813540267543999e+02
-1.071170997341481694e+02
-1.348686416707959097e+02
-1.342354678109363419e+02
-1.089614087437147703e+02
-1.007164437535460451e+02
-1.120808827265267666e+02
-1.024260838037878329e+02
-1.271770830499343958e+02
-7.106874037710645098e+01
-9.584780418240944755e+01
-9.478279589146907824e+01
-8.192985597337248294e+01
-7.318193091300526021e+01
-5.397403415966948614e+01
-9.370225956694801539e+01
-9.269889015532172039e+01
-1.007212806317715206e+02
-3.008372229506532491e+01
-1.129306485203125021e+02
-3.802665367600206991e+01
-7.481582078426608007e+01
-9.121035215643351535e+01
-6.815845731543650743e+01
-8.802002509871960001e+01
-3.658782650617922627e+01
-3.313243552882486398e+00
-4.524351738637592746e+01
-9.139606332295802815e+01
-9.147506897616699462e+01
-5.912079209844189620e+01
-5.635164781742569318e+01
9.980278635359821848e+00
2.870353531631256416e+01
7.218757743437801411e-01
-3.507595732221234996e+00
-4.826294656099295111e+01
-2.568131881804355388e+01
3.456671145370215470e+00
-1.164241387218017110e+01
-4.540558208903782145e+01
-2.952061045915182902e+01
-7.358261485396081270e+00
4.366275953827612000e+01
-2.933034496521928602e+01
4.116102372296346346e+01
8.688797984716316591e-01
-3.708974980527841581e-01
7.046318745340968803e+01
2.388674005669024325e+00
2.440744483294345457e+01
3.300060856317354308e+01
1.244709738069352056e+01
4.495658324452655563e+01
-2.430888289156527549e+00
3.495673239462240645e+01
8.873292177875518405e+01
2.393902946527251885e+01
1.516123138472988785e+01
7.119964087165604383e+01
4.831396030304337330e+01
2.807724475367005823e+01
5.071716273059242752e+01
8.801042060056617800e+01
1.084713143616482256e+02
6.613371519497712825e+01
-2.872217550984885293e+00
9.503662129771377920e+01
7.801327647777340246e+01
3.219524499167516751e+01
1.059633208633453876e+02
9.400145130329437393e+01
1.022423979848681626e+02
4.284566092053826480e+01
7.230719627848598918e+01
1.034024387586192404e+02
6.994609857559666466e+01
1.163154896701049097e+02
1.117692144169795370e+02
8.466784640015302443e+01
8.034546087542008763e+01
1.286148775388659828e+02
4.763281772226217470e+01
1.400922626465430199e+02
1.251323084177358425e+02
1.220063665945073694e+02
1.110928795298686680e+02
1.189617091620104503e+02
1.400898817413371944e+02
1.490613383161268075e+02
1.335671235197922897e+02
1.717604534100441356e+02
1.427915419489066835e+02
1.601002706032433593e+02
1.412715484561728090e+02
1.603777151850331393e+02
1.874664157981568451e+02
2.189909294252246639e+02
1.522671765488389042e+02
1.706096106332124691e+02
1.859952023756654853e+02
1.550180423986507776e+02
1.671445305334457885e+02
1.513891868254227120e+02
2.447653933598306253e+02
1.864546065406624393e+02
1.861686415880950278e+02
1.595073096750442403e+02
1.885772800948797396e+02
2.326168314167158542e+02
2.171789255071513480e+02
2.084070680860492075e+02
2.155064813865171800e+02
2.131729311220579746e+02
1.806805600924686246e+02
2.531385148828621823e+02
1.527080238038878406e+02
2.580023890665788144e+02
1.918325338490330125e+02
2.497393086703223446e+02
2.200518039156623615e+02
2.181559268390402622e+02
2.810485856647311493e+02
2.717703477781321908e+02
2.678627244339372169e+02
2.526725287735361292e+02
2.160861175452308203e+02
2.104517415794210251e+02
2.344992893251423425e+02
2.595403250724496047e+02
2.712352886076366758e+02
2.823549817210127912e+02
2.625777390975259777e+02
2.313353000961208750e+02
2.793098616360039159e+02
2.769473130587364835e+02
2.879941355856125256e+02
2.837593305523678850e+02
2.941423598833846427e+02
2.724745144350112582e+02
3.121422266237763665e+02
2.162138038636351212e+02
2.677858350667326590e+02
2.962444908736326283e+02
3.099955493885161673e+02
3.065195005335746146e+02
3.156922952113474139e+02
2.678537015891015471e+02
2.822139745230570043e+02
3.116745520638662015e+02
2.963019542459701938e+02
3.047602000917281089e+02
3.316646611187737221e+02
2.783662167868191091e+02
3.407827807235515820e+02
3.114234276375502759e+02
3.189282177997979488e+02
2.912621154710190012e+02
3.505809137928975474e+02
3.292408390912359550e+02
2.446708698146657071e+02
3.083459710170928361e+02
3.454905904297029906e+02
3.282031096546925824e+02
3.828526614503653036e+02
3.858266089924218250e+02
3.410195678461346915e+02
3.334890117254711868e+02
4.080988542370254208e+02
3.487516790187644347e+02
3.484337637592254850e+02
3.305014767923274803e+02
3.289471379347825177e+02
3.348934306775165055e+02
3.423775546523768298e+02
3.150620061892118429e+02
3.140895395625817059e+02
3.636685978763291018e+02
3.538679437568136450e+02
3.746527415004205182e+02
3.107400252345454419e+02
3.640932359022863238e+02
3.771793912825690995e+02
3.630823247855625482e+02
4.067887113454316363e+02
4.333828027891372585e+02
3.569174223512781055e+02
3.258818643750479396e+02
3.897800983445582119e+02
3.361045660763170417e+02
3.708061180474031175e+02
4.354058356542482215e+02
3.807081005838959982e+02
3.259178291092052859e+02
3.858300555861768544e+02
3.899012590297724614e+02
3.887515614431036965e+02
4.021983560086493981e+02
3.660513557735408767e+02
3.974133695334439835e+02
4.232081412941142844e+02
4.321294495996424416e+02
3.867187560955496792e+02
3.723194411853403381e+02
4.071564403025979573e+02
4.058020297521102862e+02
3.946838659852477917e+02
4.174113474261497458e+02
4.520394596327133172e+02
4.445869781099859779e+02
3.975338927803178990e+02
3.825114134399235013e+02
4.497200953244749257e+02
4.628409386860312793e+02
4.310743351114055599e+02
4.197129500264421154e+02
4.488576469590641409e+02
4.654760009880960183e+02
4.585969724407084414e+02
3.961483199355346301e+02
3.969447836283570723e+02
4.220953414094852860e+02
4.718478658008172602e+02
4.168575358699816888e+02
3.843850971774972436e+02
4.649811052220291003e+02
4.001340050719084047e+02
4.374827706653283599e+02
4.150788232292877069e+02
4.262252040649852347e+02
4.578837953865432837e+02
4.294399608741053953e+02
4.408982637212121745e+02
4.367841906151342641e+02
4.623558415858139483e+02
4.673983028939314863e+02
4.826260115009207539e+02
4.451369614592884432e+02
4.021346099466329065e+02
4.143290926464999302e+02
5.029892857775957395e+02
4.710033721882275017e+02
3.986590873920547438e+02
4.298672313239703158e+02
4.492472660067719517e+02
3.956843039337792902e+02
4.236335756851428869e+02
5.187717355835624176e+02
3.813548107108987324e+02
4.909871700193308470e+02
4.217475739505241563e+02
4.453311384593344542e+02
5.392578266026345091e+02
4.681574485665042857e+02
4.937172151125247979e+02
4.709641186827879551e+02
4.703559755019559248e+02
4.814694542701806199e+02
4.746559839209996881e+02
4.976256778207338698e+02
4.111348983227505869e+02
4.376160902754468793e+02
4.473608740270208841e+02
4.015835891153923853e+02
4.977390549292205151e+02
4.647944822664182425e+02
4.824393281113843841e+02
4.838185291786028870e+02
4.615553558814303301e+02
4.619337338909595587e+02
4.858735062400120910e+02
4.880099873129077537e+02
4.680181874369300203e+02
5.025296347801930210e+02
4.458270341794275282e+02
4.400510730182489283e+02
4.505669615653097821e+02
4.981102187003449444e+02
4.913976099257345140e+02
4.505088323261772416e+02
4.938543803984804299e+02
5.055785773346437963e+02
4.805039683281555654e+02
4.691944926505967146e+02
4.651079910816870893e+02
2.848893394415983380e+02
2.893823165217382325e+02
2.628666382616062265e+02
3.171830415582181786e+02
2.556136883843458349e+02
2.556625060878224076e+02
2.766668866754624787e+02
2.174793426064592268e+02
2.386366950163716751e+02
2.415515659329353753e+02
3.125083378434200085e+02
2.702872549155732145e+02
2.516284308150883646e+02
2.331046030716742905e+02
2.492657678328163229e+02
2.488602967490085689e+02
2.661092234953912339e+02
2.907692432723443403e+02
2.719137039198606658e+02
2.253332951126359944e+02
2.868401726184688982e+02
2.607002832109187693e+02
2.192739278690905849e+02
2.492466233006006462e+02
2.727869223416009845e+02
2.715899156638873251e+02
2.409252444276966969e+02
2.915049340134679028e+02
2.347170556004880382e+02
2.691267611508628761e+02
2.440856087158859680e+02
2.245195236595088488e+02
2.813109044934154213e+02
2.539772654245976184e+02
2.661660356399750640e+02
2.653152215514203363e+02
2.525320513585721187e+02
1.741251090165181381e+02
2.544167259098221905e+02
2.536232844879862114e+02
2.433228228107079190e+02
2.932697671087208846e+02
2.236756310260705902e+02
2.743676037856814105e+02
2.299655256524240485e+02
2.477012244968912000e+02
2.226357323531157704e+02
2.308204565758976514e+02
2.503317240517431514e+02
2.404440640699995697e+02
1.966503060545781807e+02
2.276290790880625252e+02
2.318494445788776943e+02
2.920296078812374390e+02
2.419051712787043016e+02
1.753288675541878092e+02
2.333910741743895301e+02
2.244844275718816107e+02
2.278640239067477751e+02
2.618193225160104589e+02
2.498741086117955774e+02
2.668148547947410520e+02
2.409040904646126648e+02
1.921292324235025433e+02
2.233615170690200102e+02
1.723585552395653906e+02
1.854957772603590911e+02
1.882486625359054528e+02
1.907804856242264862e+02
2.371106148335743455e+02
2.179363560873604797e+02
1.612760948749736372e+02
2.156658135999952890e+02
1.691103817320611711e+02
2.202076917089158883e+02
2.103758748332822108e+02
1.807532311853820488e+02
2.082204070072399418e+02
2.536572436227093874e+02
1.601823348850038542e+02
1.649002192456252374e+02
2.270997077851785946e+02
2.194263817933827170e+02
2.133523930262581700e+02
1.794768156681313940e+02
1.582834270143719948e+02
1.807688898379940099e+02
1.894785788045840889e+02
1.796468111800479051e+02
1.693790896989207511e+02
1.941341522115567955e+02
1.412661482121328902e+02
1.647014440780257019e+02
1.835986341032340761e+02
1.419778062398616498e+02
1.519503790610614260e+02
1.697171112322544104e+02
1.664226247001423644e+02
1.326289651273801269e+02
1.587932021110000846e+02
1.656677437782894913e+02
1.852979429641007698e+02
1.093338790471119353e+02
1.639580168468709758e+02
1.617870062769233925e+02
1.612767009212670644e+02
1.705704175614727660e+02
1.302788127354539824e+02
1.143249837527716295e+02
1.207081880007576871e+02
2.024548903386469760e+02
1.513358442049344319e+02
1.143100365822423043e+02
1.281035797959464730e+02
1.024106719439727726e+02
9.964099134083625131e+01
1.205891423710810670e+02
1.811982842692755185e+02
5.377182463078638364e+01
9.230700479884797005e+01
8.600801955376650199e+01
1.225450410003340238e+02
6.898724171596309418e+01
8.833760956713936707e+01
1.531287489437003728e+02
5.990726883947048975e+01
1.589568479020183815e+02
4.725934303904679723e+01
1.283861595525409598e+02
1.012220923405639468e+02
5.761878023613837740e+01
-1.430144058975453447e+01
7.286032126360862549e+01
1.269015934364911686e+02
6.221111262349331383e+01
1.161253459682229732e+02
1.052484705562024487e+02
3.836662390426405267e+01
7.123411927265743770e+01
6.479916086218480586e+01
6.354591954437307777e+01
1.051489421446705990e+02
1.189804221895128649e+02
4.785000398964959345e+01
5.824080970205353225e+01
4.096845279887251223e+01
2.692602344113012691e+01
5.270626565972123956e+01
6.636683174198320501e+01
6.114214375206313434e+01
9.258496169972218581e+00
5.391405429136700178e+01
2.823014343080414790e+01
6.454434124937016293e+01
3.997998987469214427e+01
1.438499063338414885e+01
4.302217335375048179e+01
5.476441508301005001e+01
3.339533410218479048e+01
1.999497031994992824e+01
1.050984901907289171e+01
-1.961968944525726499e+01
-2.792944339183353719e+01
3.431595286573512027e+01
1.561538718259478564e+01
-6.158611112842184099e+00
-6.202022225774367570e+00
1.809074786132659440e+01
-3.861596288013685552e+01
-4.152607266576701761e+00
-4.389775107661822062e+01
-1.457359801303941538e+01
-3.874585102912046608e+01
-7.074977270062031209e+01
-5.155332663757299372e+01
-2.336553057635917696e+01
-9.655509443368531564e+00
-3.864789109077946705e+01
-4.132425487014631926e+01
-3.377789229501171064e+01
-3.056855759640321679e+01
-5.209996031249967530e+01
-3.081952127708036215e+01
-4.748601761825265299e+01
-5.396150971456501111e+01
-5.883732143296469985e+01
-1.871676981930616535e+01
-3.314573264001197117e-01
-4.143035096767090408e+01
-4.575891748766380829e+00
-9.812840022875904822e+01
-1.393169225976743064e+02
-1.010336627307204225e+02
-7.066274745688588155e+01
-5.505435329400940248e+01
-1.131668345161680520e+02
-1.284641874603477731e+02
-5.611204251603044213e+01
-1.455223823703606172e+02
-1.001924755444727566e+02
-1.472116652428165935e+02
-1.018384900892242229e+02
-1.181089302938336942e+02
-1.392407331910685002e+02
-1.062021847186454835e+02
-9.105511049805029700e+01
-1.610128460718934491e+02
-1.075990173009221849e+02
-7.360583992115985552e+01
-8.732618279056934796e+01
-6.343989065899361890e+01
-1.352808078900746978e+02
-1.109922795039991428e+02
-1.618348511136425429e+02
-1.036597126189150941e+02
-1.734270096985152634e+02
-1.485195708387400657e+02
-9.786586804943669904e+01
-9.656822801634200459e+01
-1.990089826768316357e+02
-1.388568616087629835e+02
-2.148637050188634134e+02
-1.944262470067848767e+02
-1.467358400866162640e+02
-1.755811292553682108e+02
-1.644663418201631089e+02
-1.945679153177025569e+02
-1.833031511820934440e+02
-1.729945525053840925e+02
-1.887700779023150517e+02
-1.155843482430228306e+02
-1.978717268292932090e+02
-1.825918286646914623e+02
-1.631269892910474653e+02
-1.997848176500876320e+02
-1.944267301376318073e+02
-2.339237244218817864e+02
-1.413990070886604258e+02
-1.757184244467686085e+02
-1.029026701819736047e+02
-2.013472679333217172e+02
-2.479302796823914150e+02
-2.246408870152057489e+02
-2.235471721277477855e+02
-1.557213266355649637e+02
-2.087461380701095948e+02
-2.083429108563960028e+02
-1.671126833507526896e+02
-2.460515075976346111e+02
-2.433154881591627827e+02
-1.913593617874648203e+02
-2.631842241391810830e+02
-2.428135759820030728e+02
-2.431176453502380639e+02
-2.259259689435689609e+02
-2.212878005926324931e+02
-2.385737690437933907e+02
-2.506960630710161979e+02
-2.203366161498751126e+02
-2.343388255331826144e+02
-2.893389128573518292e+02
-2.610565675930587872e+02
-2.659797158166925897e+02
-2.937951330396324465e+02
-2.390467840965729636e+02
-2.295328144631021701e+02
-2.525074918754724536e+02
-2.718969236490212324e+02
-2.799530703109634260e+02
-2.257326555246500561e+02
-2.326132449264123636e+02
-2.435341074708209419e+02
-3.353033078365554047e+02
-2.455489255074896562e+02
-2.534150685392696403e+02
-2.636212094342165528e+02
-2.328358679227482639e+02
-2.593725120495543592e+02
-2.857407447714113573e+02
-2.608715340411353054e+02
-2.655848386874211542e+02
-2.496976484599687183e+02
-2.413284710072238397e+02
-3.400221942268848920e+02
-3.364957337471664687e+02
-2.812927708017365944e+02
-2.734905564376795724e+02
-2.598488580311533838e+02
-2.790747134572471282e+02
-3.318922254539550636e+02
-2.787504847730726851e+02
-2.712718005321266332e+02
-2.861281802244038204e+02
-3.066728309993663402e+02
-2.692685850606940221e+02
-2.932970437283397018e+02
-2.823186211564661221e+02
-2.667843162561285908e+02
-3.072076763748916619e+02
-3.136194581730090931e+02
-2.787384572404452570e+02
-2.764955235666924409e+02
-2.912942780727252625e+02
-3.280025739895571064e+02
-3.592199392325635472e+02
-2.872745705639974290e+02
-2.995313803232716054e+02
-2.355603863779706444e+02
-3.066311356076863603e+02
-2.964401842398197573e+02
-3.355195475260363764e+02
-2.562567272449593929e+02
-2.658112337326887769e+02
-3.441614979939252521e+02
-3.136452075198852185e+02
-3.669115079634521521e+02
-3.216753667789591304e+02
-3.480727041374947248e+02
-2.937657183323871664e+02
-3.578876852009875620e+02
-3.299671222758710201e+02
-3.283626888794974548e+02
-3.286051963594537710e+02
-4.027739958702906051e+02
-3.294064095608073899e+02
-2.675971035810339345e+02
-3.316962482967583128e+02
-2.469689375850701936e+02
-3.242682964612181991e+02
-3.192363337565532220e+02
-3.428576562761251125e+02
-3.270754940157286228e+02
-3.478995137178441155e+02
-3.345608116385161566e+02
-4.068140227821707526e+02
-2.902518546194144733e+02
-3.382405403732543050e+02
-3.704867596164700672e+02
-3.618561501397482516e+02
-3.007219364041478116e+02
-3.073714667051073093e+02
-3.449624855702434161e+02
-3.660718527952398063e+02
-3.367747988169403470e+02
-3.083691209162896598e+02
-3.406356420675688241e+02
-3.623231393313032527e+02
-3.121586226396659640e+02
-3.202039241839977990e+02
-3.022791894237929569e+02
-3.456696054668325360e+02
-3.510819710950002559e+02
-3.765901147090234531e+02
-3.682195376678849357e+02
-3.921558021989060308e+02
-3.232345128561177603e+02
-3.457555911327499416e+02
-3.303559186545956550e+02
-3.255947991665432255e+02
-3.397006545649874170e+02
-3.193048217090116623e+02
-3.687069714381068479e+02
-3.228339494070056048e+02
-3.270813924023815957e+02
-3.434777189396613153e+02
-3.210361374629600277e+02
-3.142665575660951163e+02
-2.952182267894793881e+02
-3.179669040403017561e+02
-2.752146432457116134e+02
-3.799124021585559490e+02
-3.429142890134364166e+02
-3.080998169660397252e+02
-3.174627834950819647e+02
-3.408239077443055294e+02
-3.495643939653705843e+02
-3.505091020261954213e+02
-3.490569150035476582e+02
-3.050940442707405964e+02
-3.449395916141924090e+02
-3.357299706383778926e+02
-2.409070367316259080e+02
-2.824569300330192050e+02
-3.171872237869164906e+02
-3.341259666221791917e+02
-2.932407953225036294e+02
-2.946346003602051269e+02
-2.940631632726945668e+02
-3.336194291374231398e+02
-3.131034640649226048e+02
-3.045819494178356877e+02
-2.975270102362965758e+02
-2.911367256749350645e+02
-2.818878756181520657e+02
-3.079633031091946691e+02
-2.919003514424724131e+02
-2.955499600535751483e+02
-3.350153973821102227e+02
-3.026347703555055659e+02
-2.994411090868119913e+02
-2.709629141368107526e+02
-2.950268912756361601e+02
-3.097229027518274052e+02
-2.887800176959102032e+02
-2.565059757898158637e+02
-2.984981533379998950e+02
-2.481748313455467496e+02
-2.592999203312562599e+02
-2.808938690218273564e+02
-2.850661184022972066e+02
-3.016618037035153748e+02
-2.157640817580806356e+02
-2.966634532926277075e+02
-2.344581578055018554e+02
-2.929775806292666402e+02
-3.192119735025777345e+02
-3.074891116747043611e+02
-2.768719361845230651e+02
-2.277630696098913177e+02
-2.431754263581867974e+02
-2.725964693388096975e+02
-3.031822525586795223e+02
-2.628757635261509336e+02
-2.575438437411690984e+02
-2.836816442679485704e+02
-2.815553051156488777e+02
-2.802755866519324286e+02
-2.168131053685839049e+02
-2.826546754814935980e+02
-2.724881311295125101e+02
-2.480529787269059909e+02
-2.059166843750547002e+02
-2.689087586305846571e+02
-2.401146265046764086e+02
-2.270821309680326578e+02
-2.502772767279592188e+02
-2.844615179608530298e+02
-2.421716640108974730e+02
-2.547850933947959504e+02
-2.378114815782421090e+02
-1.595561590023980330e+02
-2.480761064295130325e+02
-2.109485829490118931e+02
-2.118836598062488576e+02
-2.096619728611446476e+02
-2.007313621871511771e+02
-1.912940582206737758e+02
-1.797624271934812441e+02
-2.241582306229199162e+02
-1.808516715623693756e+02
-2.038739237016540642e+02
-2.119440609807980707e+02
-2.049309880452277071e+02
-2.493026430600089327e+02
-1.869710502535097021e+02
-2.133833326490621118e+02
-1.944688541453541575e+02
-2.025957560462730669e+02
-1.792728448974027913e+02
-2.086621028721466473e+02
-1.608061808426486152e+02
-1.867589482692928584e+02
-1.526165936881801883e+02
-2.029428346412304620e+02
-1.369040623447416749e+02
-1.982079760931463284e+02
-2.226624041864540686e+02
-1.636795280879159122e+02
-2.051630867444362138e+02
-1.648465773287636580e+02
-2.081927736668743592e+02
-1.478893872921605634e+02
-1.095970240462065703e+02
-2.083517240297104536e+02
-1.615327022259324394e+02
-1.649708692052117840e+02
-1.928383447173528111e+02
-1.553049773694444013e+02
-1.400970646856113717e+02
-1.308144910892110033e+02
-1.261450115874545759e+02
-1.370409445212736443e+02
-1.431294366340203794e+02
-1.582210233803204176e+02
-1.366171857437331596e+02
-1.290440148489158787e+02
-1.051342515218920255e+02
-1.411973864321461463e+02
-1.388315179829258454e+02
-1.702221830170559542e+02
-9.656639442731069778e+01
-1.465777219541865293e+02
-1.150974971225420944e+02
-6.730160778770280672e+01
-1.164399788848924970e+02
-1.009606360711642594e+02
-1.120222876250744832e+02
-1.320444013776174472e+02
-4.544823967350022542e+01
-1.138916498803782815e+02
-5.214768340005437608e+01
-8.970633504006403314e+01
-6.791049184132106120e+01
-5.935859777488568056e+01
-5.208048698001099552e+01
-4.139360476117101229e+01
-1.600185670535172733e+01
-2.352113677342287090e+01
-9.247928507176956714e+01
-7.988039899112629882e+01
-5.191490542822639043e+01
-6.565756881957651103e+01
-1.042478295013634337e+01
-5.843252231568730792e+01
-3.848625348911760113e+01
-6.193008819526563968e+01
-3.954714735025557104e+01
-6.333274972777545031e+01
-8.292192291370895418e+01
-3.672589454835537026e+01
9.748969953361299901e+00
-5.716979850760136372e+00
-4.056411713765397309e+01
-1.312307119189706661e+01
1.429621049177681691e+01
-4.607412350098660880e+01
-9.793796272088826527e+00
-3.843174976166397983e+01
-1.999776133936897438e+01
-2.325462570126060058e-01
9.299914343088691027e+00
2.330012686995695503e+01
-1.934938721368039438e+01
-4.463165219906224479e+01
-1.713924336832674911e+01
-1.834990705642574937e+00
4.555734784964968753e+00
3.481493563516084322e+01
-3.909748689050152848e+01
5.529277346432591855e+01
2.477180931099958627e+00
5.950999331858497499e+00
2.971774645105591617e+01
5.182393035115568836e+01
1.579580406496985034e+01
2.406635659329536736e+01
5.068607755883778054e+01
5.347444845413626524e+01
3.648740220711678717e+01
6.424611042796871629e+01
6.931913877477509800e+01
1.046470422241914378e+02
7.785245065158171940e+01
6.559533746146755107e+01
3.109798484912830929e+01
4.668308481781656383e+01
8.109145287048728790e+01
6.208100481461707432e+01
1.322428667439835408e+02
6.873806971393318577e+01
9.842810639419271013e+01
8.697379009657794313e+01
1.193565039605862808e+02
8.196621125341019365e+01
7.348829682661298079e+01
8.756997078205017715e+01
1.288487038771626487e+02
7.561188055359794191e+01
1.211108090512197748e+02
1.058295115916727696e+02
8.145191997614239199e+01
8.833877440669118641e+01
9.010000726312304664e+01
6.484553486266548816e+01
1.480002736320165582e+02
7.284419841827872233e+01
8.582728149695111597e+01
1.566558774350111491e+02
8.913913135141552857e+01
1.416135633516473717e+02
3.954393078430730668e+01
7.519278758660769313e+01
1.498991001342556331e+02
1.630801748476656030e+02
1.417124134717303718e+02
1.489430369166854291e+02
1.315940256744814292e+02
1.081291008276985224e+02
8.222642891257993369e+01
1.056113612211031807e+02
1.429065647235030099e+02
1.672863882547336232e+02
1.122615205595663781e+02
1.146753637943225215e+02
1.628371386584784375e+02
1.516682240149898462e+02
1.326229307672880964e+02
1.050165936628921912e+02
1.543449890000403570e+02
1.637643645795598673e+02
1.629014232928512627e+02
1.648961220155753153e+02
1.647601010181192578e+02
1.442860769888691834e+02
1.253034596279229476e+02
1.320856083042890532e+02
1.498531096707251322e+02
1.645444328052052754e+02
1.551594130512903575e+02
1.522583830982666484e+02
1.436288018528252621e+02
2.001911612526463387e+02
1.775233113540857062e+02
1.862832040625107481e+02
2.157548326520646924e+02
1.719658346761883649e+02
1.878766364655152756e+02
1.682316033758643812e+02
2.444716937747379006e+02
2.129909321766414791e+02
1.863101760587419733e+02
1.819778053898200483e+02
1.816756464807563702e+02
2.038835933706825188e+02
2.115630220941313553e+02
2.161453100248372152e+02
1.480572604953987934e+02
2.463306616860090514e+02
2.612897296543675907e+02
1.915547426397319555e+02
2.310278917699651799e+02
2.319940693363105311e+02
2.224457133932244517e+02
2.155416763310881834e+02
1.983060778386977745e+02
2.545846257952511849e+02
1.905289947104270709e+02
2.611239564660334622e+02
2.957230363999548217e+02
2.332961115752607100e+02
2.329116041413734877e+02
2.514985168159728914e+02
2.080044840609201060e+02
1.778058428200600360e+02
2.010776613718049930e+02
2.471013889808504018e+02
2.365058885826611004e+02
2.403653953402924515e+02
2.666837228057235620e+02
2.483124297928827104e+02
2.214054021305143465e+02
2.373349084689999984e+02
2.597926204765483362e+02
2.456343327375236640e+02
2.784351987403824182e+02
2.461547314922647729e+02
2.896366655833855930e+02
2.492435243617767355e+02
2.179595695535719528e+02
2.325850951271425515e+02
2.535048116095902060e+02
2.506024987974376472e+02
2.555410649761741695e+02
2.262932915716052094e+02
2.190261126033127539e+02
3.020600940423184966e+02
2.505318436936831858e+02
2.621695965957529779e+02
2.400587559450163440e+02
2.475435536525190514e+02
2.647108007286630595e+02
2.736830934309797954e+02
2.897195285001151319e+02
1.852497625349847681e+02
2.214720127020843847e+02
2.279623956476135049e+02
2.798734694262570315e+02
2.468744196607643744e+02
2.482988417710320448e+02
2.208115295163649989e+02
2.651885005945280795e+02
2.696803069616732955e+02
3.024112852874638975e+02
2.660923589305924679e+02
2.539864609946350811e+02
2.624460285966406445e+02
2.268028782629031639e+02
3.123965185997436720e+02
2.484666926159758589e+02
2.506238220064657298e+02
2.893594047665824291e+02
3.339461239798152974e+02
2.916708796887606923e+02
3.086172755541602442e+02
2.706580444343674117e+02
2.836058213811699034e+02
3.302928569291050280e+02
2.589920138393541720e+02
2.295741261653704441e+02
3.060124172383327732e+02
8.487949293782153859e+01
8.934293915290660948e+01
6.277807160112706697e+01
1.170256703901721806e+02
5.536795795877876714e+01
5.530893934707391679e+01
7.618610144327985267e+01
1.685206873165952857e+01
3.784379146283615825e+01
4.057403780774423296e+01
1.113273533549626393e+02
6.888416225350083266e+01
4.998477494401033283e+01
3.120214243053763425e+01
4.708649093195120372e+01
4.638643865686620416e+01
6.332328220705115029e+01
8.765399595192081961e+01
6.845222300899271772e+01
2.150896429730715909e+01
8.263670264646427199e+01
5.610172755229407215e+01
1.426469821209865074e+01
4.381150487559273898e+01
6.691108906549771973e+01
6.525894509789452513e+01
3.412513254102275084e+01
8.422210974588847421e+01
2.693839521669124082e+01
6.083960237960165784e+01
3.527776466706093572e+01
1.517929651240313405e+01
7.142709894940486492e+01
4.353920191776563797e+01
5.516356329916845880e+01
5.373873090739357394e+01
4.037248678998179230e+01
-3.862601907135577051e+01
4.106612264001401513e+01
3.966588393195090134e+01
2.875190376388520264e+01
7.807922031711446209e+01
7.859969941035416241e+00
5.792197501729971520e+01
1.288571911623616018e+01
2.998368324888439318e+01
4.277562108013839293e+00
1.181943490393494756e+01
3.068630924925030712e+01
2.015340369927384145e+01
-2.428575485134089718e+01
6.048168016183090856e+00
9.624946568512477540e+00
6.916350619282319201e+01
1.840017602926295837e+01
-4.881157781376093396e+01
8.619361566698600541e+00
-9.136242112521486547e-01
1.845311582701029351e+00
3.518638387294536329e+01
2.263413810573859308e+01
3.897581138960956793e+01
1.247470153049360597e+01
-3.688100274285505975e+01
-6.219289965594818170e+00
-5.778177147341150288e+01
-4.519223674017290904e+01
-4.297442417077291310e+01
-4.096427541365666514e+01
4.858362847855460132e+00
-1.480841762864455013e+01
-7.194544508390546866e+01
-1.801595079962731916e+01
-6.501427933800674452e+01
-1.434175303149304170e+01
-2.457945647795937205e+01
-5.458830702027466231e+01
-2.748687775397088018e+01
1.760545100111116312e+01
-7.619195124284479448e+01
-7.177377346325005192e+01
-9.850435486019009090e+00
-1.777559079428054645e+01
-2.407632665873774158e+01
-5.815281256186202796e+01
-7.952051989983124258e+01
-5.718203999890858569e+01
-4.859125808162598759e+01
-5.851312293810991605e+01
-6.884140443463340375e+01
-4.411664424090811565e+01
-9.698397967401487563e+01
-7.351633882824330612e+01
-5.455442990800393943e+01
-9.607747584963215104e+01
-8.597337771851786670e+01
-6.804070559458661194e+01
-7.113417573645068614e+01
-1.046910904962054900e+02
-7.825373844661999101e+01
-7.106908012686450604e+01
-5.109114220264132911e+01
-1.266692359630471287e+02
-7.162029875218337338e+01
-7.332709464006586586e+01
-7.333319616544247310e+01
-6.349472512303492522e+01
-1.032004763140793102e+02
-1.185268168351376801e+02
-1.114739670707588886e+02
-2.901495359266357354e+01
-7.937852834010111280e+01
-1.156052239369633128e+02
-1.009684621692772595e+02
-1.257735938255384553e+02
-1.276105045166897298e+02
-1.056841690804644998e+02
-4.405102305282419906e+01
-1.704072694021478469e+02
-1.307552933805463624e+02
-1.358905430663513982e+02
-9.814250570159620679e+01
-1.504416847618747681e+02
-1.297847853508793321e+02
-6.363891317001093739e+01
-1.554571866344376758e+02
-5.495567201274244695e+01
-1.651522750025616801e+02
-8.247537077100325575e+01
-1.080399629198732327e+02
-1.499942293061925227e+02
-2.202156687908973254e+02
-1.313052434909839690e+02
-7.546529790579903363e+01
-1.383069862304248545e+02
-8.249375108122325173e+01
-9.142134411511700876e+01
-1.563035756443016169e+02
-1.213860994201119183e+02
-1.257206975236799877e+02
-1.248232047153314141e+02
-8.101909922268993114e+01
-6.493623205661083375e+01
-1.337650229825152906e+02
-1.210224335047763589e+02
-1.358929534356686872e+02
-1.474836155511534912e+02
-1.192018184309344235e+02
-1.029900720844870250e+02
-1.056141364348311953e+02
-1.548479186751467296e+02
-1.074934748561879871e+02
-1.304297206617515883e+02
-9.131933905129768902e+01
-1.130392681017262078e+02
-1.357419062282643836e+02
-1.041647428266579425e+02
-8.943523949242063509e+01
-1.077701359340199474e+02
-1.180897694987273070e+02
-1.244480113375344814e+02
-1.514049366098672920e+02
-1.564967781247568723e+02
-9.098862354820471410e+01
-1.063820571179507226e+02
-1.248050402091555640e+02
-1.214540622033773758e+02
-9.372405658629263314e+01
-1.469512310626254248e+02
-1.089666021359913657e+02
-1.451493171135949183e+02
-1.122221788906796291e+02
-1.327515070916711579e+02
-1.610731982493060741e+02
-1.381558670160169413e+02
-1.062091990481105341e+02
-8.870300385414093114e+01
-1.138626103080906660e+02
-1.126703149931421422e+02
-1.012201426273521037e+02
-9.407259637518448869e+01
-1.116321501862897492e+02
-8.634700452624558409e+01
-9.897673111086317022e+01
-1.013841995912745091e+02
-1.021615575143729160e+02
-5.791295972942911874e+01
-3.537086032598986662e+01
-7.228509149124855071e+01
-3.121897263935566968e+01
-1.205337156644338421e+02
-1.574592707041632309e+02
-1.148887578744419926e+02
-8.020723221292274729e+01
-6.026581008366581216e+01
-1.140237969088939565e+02
-1.249461511349536806e+02
-4.819947587626110419e+01
-1.331967368100393685e+02
-8.343619535757858330e+01
-1.260081971740026177e+02
-7.617229252044072041e+01
-8.796548206287013727e+01
-1.046065420379851361e+02
-6.706479535622312937e+01
-4.740311230254363295e+01
-1.128358803905365306e+02
-5.488778437279378863e+01
-1.635210540818269465e+01
-2.552278391557996429e+01
2.919258052012395410e+00
-6.436090651589879030e+01
-3.550771022893110285e+01
-8.178279082846880499e+01
-1.903843447628834440e+01
-8.423588683854580950e+01
-5.475907970494699839e+01
4.624087066396000978e-01
6.325143010708297098e+00
-9.155431950742006109e+01
-2.684582086505236020e+01
-9.830231495412770926e+01
-7.332165038806559210e+01
-2.109629460543031243e+01
-4.541600752010082687e+01
-2.978613092985952093e+01
-5.538421601714636466e+01
-3.962867659824193822e+01
-2.484312646540527680e+01
-3.615663283365016412e+01
4.147507734392200973e+01
-3.638346238353643969e+01
-1.669296681911474067e+01
7.163132459875182434e+00
-2.512386534653996506e+01
-1.541646390348377693e+01
-5.058674314947116102e+01
4.624101346656505740e+01
1.619988858612008897e+01
9.326812369115185675e+01
-9.508630705647291848e-01
-4.333618487554574727e+01
-1.587806709006135719e+01
-1.064562788206558963e+01
6.128791335975692078e+01
1.233874991700865920e+01
1.678456714792126192e+01
6.202332583007581235e+01
-1.294201721962219409e+01
-6.268547601542785230e+00
4.958802736326224192e+01
-1.837434771667464162e+01
5.819877850679574749e+00
9.299539041277043339e+00
3.023417406759210380e+01
3.857361625963260110e+01
2.494633662183866107e+01
1.643925905781895125e+01
5.036957602774189979e+01
3.989302979876256217e+01
-1.162744784077234783e+01
2.008762128296110205e+01
1.854949326700476320e+01
-5.929410394353737956e+00
5.210615759938383462e+01
6.485727932849682986e+01
4.506893031815937434e+01
2.881426249851919152e+01
2.384059084390101901e+01
8.109048371392793797e+01
7.718568427532461840e+01
6.918624940846837035e+01
-1.971654245361720825e+01
7.284858983146681055e+01
6.773691657958309520e+01
6.022836162857331033e+01
9.365381977291566784e+01
6.969925588619730661e+01
4.585451852442713516e+01
7.318811003560895756e+01
7.087956086574241965e+01
8.911138969177588365e+01
9.976461661410749571e+01
3.293900968412472707e+00
8.981893998739650442e+00
6.628450112889326817e+01
7.612407789269066427e+01
9.174048354836776298e+01
7.442632703057299182e+01
2.345717269998530696e+01
7.838361729770127795e+01
8.758305969023903970e+01
7.438322094805367612e+01
5.543064314524045955e+01
9.436226403315470179e+01
7.179627304153218859e+01
8.417206761521890712e+01
1.010384813376228266e+02
6.188182028868341433e+01
5.667120219771666001e+01
