-3.100635705235606565e+01
2.197391563391706271e+01
-2.759988885077132892e+01
5.588089596256001990e+00
1.982180846643085914e+00
-2.512680127214043324e+01
-6.541434818080148261e+01
-2.174646678734439931e+01
7.686687218870481786e+00
-4.097385127540206895e+01
-2.243276157393168546e+00
-3.507904282243734428e+01
1.412298347537475252e+01
2.519653882574175086e+01
8.303344165458852899e+00
7.574920296087557858e+01
-8.425750731047045861e+00
-1.019711706238982885e+01
-2.924152366895838639e+01
3.857245385822584183e+01
4.092322798184036969e+01
2.986203447464037453e+01
2.041006502428481895e+01
7.682646134694600448e+01
-4.673972140766593952e+00
3.976611418495229344e+01
7.276701102159297818e+01
8.544993306112398557e+01
5.132651053803224528e+01
9.295701110653308774e+01
6.120496472551562306e+01
3.396879153478339219e+01
1.136185052420653534e+02
1.061095418977880627e+02
5.971802806011754683e+01
1.282764774686696683e+02
1.321340230127154598e+02
1.129065736431190743e+02
8.232939488372767300e+01
3.471787614440060565e+01
1.080987399870434729e+02
8.487264659673904532e+01
8.839828335265167425e+01
1.163385010484531534e+02
1.248935760130153341e+02
1.415689809509747477e+02
1.056882190162028508e+02
7.461534234455390902e+01
1.293492929817836341e+02
1.174708831862192682e+02
1.148739001446916177e+02
1.064034868269561827e+02
1.455655405319073736e+02
1.416471066464485205e+02
1.371355826496607051e+02
1.415260453237820286e+02
2.191644234701880976e+02
1.572523596266337620e+02
1.160773422236868697e+02
1.766202673229421976e+02
1.296979792250580772e+02
1.178340158771321455e+02
2.285056649129976165e+02
1.486979015305180667e+02
1.534696756939043212e+02
1.735101071010121245e+02
1.885323102872299899e+02
2.236858226471682656e+02
1.703810187197328787e+02
1.459637162895176630e+02
2.249423054689523269e+02
1.940968990814355664e+02
2.148338016727700506e+02
1.545779096524878469e+02
2.059047900667689817e+02
2.101833765956532147e+02
2.095431499535592934e+02
1.839214235418752423e+02
2.223340894613231740e+02
2.305734453098725396e+02
2.372376009749397099e+02
1.917432012235944683e+02
2.314759804778403520e+02
2.787153902974988000e+02
2.019086229444609728e+02
2.027454583417900267e+02
2.401432305548541137e+02
2.574028124517286074e+02
2.788616144680866000e+02
3.195184724871868980e+02
2.148458993709494678e+02
2.576713458244300909e+02
2.672429501369779246e+02
2.462529408643877673e+02
2.055962721854893971e+02
2.793264383930824124e+02
2.188438994359357821e+02
2.703458731029988940e+02
2.659569930126539248e+02
2.296035172113178930e+02
2.832519458715766518e+02
3.005665530898065185e+02
2.433300196470586343e+02
2.893787273746689834e+02
3.920354715461298838e+02
3.129967757505851296e+02
3.009356277832302453e+02
3.066147572601482807e+02
2.791805227543619594e+02
2.911682190559345713e+02
2.351083708105397818e+02
2.451465046490326074e+02
3.285853805594603614e+02
2.659605345385990631e+02
3.210438651298661625e+02
3.094996914045851213e+02
2.857947778401854748e+02
3.266839747300526255e+02
3.155703188042924126e+02
3.378465530082311261e+02
3.111148109496672873e+02
3.427993087315061302e+02
3.090476724215078548e+02
3.017251079222132262e+02
3.357028419221023796e+02
3.533036970162859802e+02
3.589421993274499414e+02
3.156274902579658601e+02
3.110964811249599506e+02
3.577233353135858351e+02
3.348419124294260314e+02
3.080249294390582691e+02
3.034373909104241420e+02
3.000663313732720781e+02
3.489777521338125439e+02
3.040498258326687164e+02
3.494879494749485502e+02
3.650843597336220796e+02
3.352399970899110713e+02
3.436972134820418319e+02
3.771154503349982861e+02
3.220966858187062485e+02
3.026327713026190054e+02
3.807937322628467314e+02
3.463965205932273648e+02
3.522051712841526410e+02
3.943852826799162017e+02
3.499962045776185846e+02
3.818729284818592760e+02
3.933973624451820683e+02
3.595416510106379064e+02
3.964807333215960057e+02
3.834958761619896563e+02
3.640191571491388345e+02
3.774745075642641154e+02
4.182612551575220436e+02
4.114445058866047589e+02
3.893941352700536527e+02
3.811642884512808678e+02
3.882596711199769857e+02
4.116936788056490286e+02
4.582688591679097385e+02
3.607130574660155844e+02
4.225132089157142445e+02
4.192213787799002489e+02
3.750440774518426679e+02
3.832204992368816647e+02
4.006801558896986535e+02
3.969896521553703224e+02
3.912416034378125573e+02
4.169687714400354821e+02
3.959373179563427243e+02
4.195771537869567283e+02
3.718443111754756387e+02
4.090998475428285133e+02
4.611813985841184831e+02
4.135223624937151499e+02
3.896267448440513022e+02
4.124072205164972615e+02
3.975965979264400971e+02
4.697243796606358615e+02
4.371043370054661636e+02
4.143091795451763346e+02
4.279983583339126199e+02
4.056870193263265492e+02
4.450558724202986696e+02
4.601144947176136384e+02
4.095181765305875388e+02
4.392228368394812605e+02
4.106392943834712241e+02
4.180537768657848119e+02
4.213918205778832089e+02
4.427867569683824627e+02
4.956520540034136388e+02
4.231332748072406957e+02
4.562528430916273692e+02
4.974753005655330185e+02
4.294738829342310282e+02
4.851642437201097096e+02
4.826627475067805904e+02
4.285084200699961912e+02
4.488416901862637474e+02
4.670415237498402803e+02
4.449895099580490978e+02
4.655800078602339909e+02
4.172745730379069187e+02
4.901921438019601283e+02
4.302362233199403363e+02
4.569709829100032721e+02
4.563171350066187983e+02
5.077235235183491113e+02
4.849629949859676117e+02
4.976082022170337495e+02
4.778449801932417245e+02
4.051961963766802910e+02
3.974570964512936939e+02
4.808167198366148796e+02
4.621503696047166727e+02
4.191422149752203268e+02
4.594771943974457713e+02
4.607417600548420751e+02
4.596085660792190311e+02
4.829124740394001947e+02
4.351465785141133438e+02
4.320677646409003501e+02
4.929801419839942014e+02
4.799094547668607902e+02
4.414445278804552686e+02
4.345965458621720359e+02
4.301210138795734679e+02
4.674992088440586713e+02
4.732250525820308553e+02
4.605213072125027338e+02
4.902007397920692711e+02
4.505064350821996300e+02
3.990091696295187376e+02
5.093391920403506674e+02
4.611083689436155737e+02
4.781437578169187077e+02
5.026006115571730675e+02
4.405345618364747224e+02
4.754723873790254061e+02
4.268488560511320884e+02
4.371982962118627256e+02
4.962024728913493163e+02
5.142404188083507961e+02
4.440726501505565693e+02
4.861278234124478104e+02
4.642799700855603078e+02
4.285160080710699049e+02
5.272726296421724328e+02
4.868495992026251997e+02
4.552974146774636210e+02
4.439223715512554804e+02
4.448247766905346907e+02
4.681375930368204763e+02
4.422895574778144123e+02
4.920302150777814063e+02
4.398741177105309816e+02
4.915549779152894416e+02
4.851070589520106751e+02
4.856974101881017418e+02
4.141865009970794063e+02
4.695093529714277452e+02
4.406514835484077253e+02
4.176299066225813021e+02
4.308199092056257768e+02
4.682276153994965853e+02
4.549046359580120793e+02
4.487505945715444113e+02
4.317626098950247524e+02
5.084777714680625991e+02
4.408812016372111771e+02
4.582345107876672046e+02
4.457246146960942497e+02
4.586726550421716411e+02
4.704549228735354518e+02
4.499258582809286509e+02
4.487458568630761988e+02
4.485140909397364908e+02
5.228072826810301876e+02
4.501468202270881989e+02
4.470481909720894578e+02
4.283914724565746042e+02
4.474129764481344296e+02
5.075565557615470311e+02
4.499762396267973372e+02
3.894818071871004577e+02
4.781892540616619272e+02
4.886042018605234034e+02
4.410421064641934663e+02
5.208116051507688553e+02
4.593084567340149533e+02
4.255185047090992043e+02
4.244643280612054923e+02
4.349311711057344496e+02
4.583658889380236587e+02
4.321317804076790594e+02
4.171267592851401105e+02
4.568472729389223446e+02
4.168831127698185810e+02
4.842182882615206267e+02
4.988354119666444149e+02
4.041556268470897066e+02
4.853217138217881939e+02
4.376993886996233982e+02
4.045102719551448445e+02
4.410411066875628308e+02
4.578085549460662378e+02
4.416047636724996437e+02
4.478666273814105239e+02
4.729012048018783503e+02
4.159998996421219317e+02
4.263423160799457605e+02
4.617030583961189905e+02
4.735070958942771426e+02
4.135393616033288708e+02
3.754072851865247458e+02
4.259417512862106037e+02
3.835611630711012481e+02
4.711376254427831327e+02
3.746083371896423273e+02
4.101388113001877969e+02
4.152918660800975772e+02
4.363894530385864527e+02
4.478651752932050272e+02
3.794198784039774637e+02
4.129221662379112558e+02
4.089344024819779975e+02
4.038225276642134531e+02
3.902254591677482836e+02
3.887891342007499134e+02
4.067282574130019839e+02
4.470814982538983031e+02
4.331162190596456867e+02
3.365616211245816203e+02
3.859954898697737917e+02
3.721627402696196327e+02
4.464070813452502762e+02
4.303106156008323637e+02
3.566007380125677173e+02
4.034452568579084755e+02
4.084291697117572539e+02
3.740533253714183388e+02
3.968681864818620397e+02
4.165461929151410914e+02
3.984541228710540395e+02
3.688832321791722393e+02
3.388136749249879358e+02
3.689614330941840308e+02
4.041242196306677101e+02
3.285296535445314703e+02
3.870775183096546357e+02
4.196390247834485763e+02
4.159711972365462884e+02
3.602428227121976079e+02
3.731694887188562575e+02
3.923302072440073971e+02
3.617605829432232554e+02
3.535482526762626208e+02
3.019414516249761391e+02
3.735191783264053242e+02
3.436614575537805081e+02
3.575531415289019606e+02
3.217063930531602978e+02
3.136193893836401116e+02
2.897933782422343825e+02
3.529344831514782754e+02
3.661084026296454681e+02
3.649154156612496536e+02
2.939392560914522505e+02
3.309372439502784573e+02
3.061959271163115091e+02
3.031063506340430536e+02
2.813535576878271058e+02
2.807744467309345850e+02
3.506919633949715376e+02
3.957981148515241898e+02
3.201019879045203993e+02
3.332828493466140003e+02
3.136369838005703059e+02
3.047846070687728002e+02
2.842474955145834201e+02
3.561299527861911542e+02
3.550293894017337948e+02
2.814188745996501666e+02
3.250934961392412106e+02
2.464212391880084283e+02
2.837007675217469682e+02
3.073321578008651045e+02
2.462247501952592756e+02
3.021632530038649520e+02
3.138173120106949341e+02
2.927052089220202333e+02
2.266246988210085362e+02
2.801957794621960147e+02
2.331623135699029490e+02
3.005470771287464800e+02
2.868734310017084113e+02
2.647853103311089171e+02
2.458638979877668476e+02
2.449180930499825308e+02
2.469408990932361689e+02
2.392720159134738935e+02
2.242034698594801512e+02
2.352458764958686572e+02
2.517195786095622339e+02
1.986303621760254714e+02
2.672495499321410648e+02
2.698778087414588640e+02
2.775360153589344350e+02
2.217021581674580375e+02
2.735102056238857244e+02
2.115339660761550817e+02
2.160671696093703247e+02
1.942520424233545100e+02
1.960586257166216058e+02
2.233901127502414283e+02
1.836744416405024367e+02
2.044571717240923476e+02
2.283636865989676039e+02
2.168242584681877076e+02
2.173490769589735123e+02
2.734489345080708063e+02
1.810653412197189027e+02
1.775272944702085169e+02
2.270496114526773397e+02
1.714354945129821317e+02
1.998704895320715593e+02
2.018776003152015619e+02
1.345705407559860873e+02
2.310641206895076039e+02
1.626934905700950367e+02
1.814869215564421268e+02
2.288800814803807953e+02
1.417379160824475832e+02
1.408640949404406797e+02
2.137262836664341421e+02
1.636932414180670889e+02
1.897140745457814148e+02
1.352116201646632589e+02
1.795307656686975690e+02
2.006683798677105415e+02
1.315426988636467627e+02
1.726300675401328988e+02
1.516279931947121895e+02
1.685228825408413229e+02
1.499331015312939144e+02
1.318946704206519769e+02
1.000004270578566690e+02
1.097174704465661961e+02
1.568743466667364430e+02
1.169111798588203328e+02
1.348972382158046628e+02
1.743931947187783749e+02
1.130504775885806907e+02
1.507745930530918486e+02
1.087913989180586896e+02
1.029836365363818800e+02
1.001676433693766342e+02
6.050415641537189515e+01
6.724587406368709708e+01
3.949910619478198726e+01
9.345173672662613740e+01
7.709911286608152636e+01
1.324382670442450944e+02
6.967125686338249579e+00
5.479336352662519261e+01
8.802542744441073808e+01
4.676829837076043361e+01
8.677660166197297542e+01
5.453625357425644182e+01
2.231417936658224477e+01
3.056134050100433086e+01
5.551741599979624198e+01
5.567445645580746572e+01
8.531832939832386842e+01
7.241402028996284912e+01
4.948477612075471654e+01
4.609787358267148960e+01
6.942315595140770768e+01
4.769830516439608914e+01
6.650909360111421620e+01
7.420907041293196471e+01
-2.586909640428426371e+01
-6.505951448874846221e+00
-8.783413594993000117e+00
-4.902281916439962828e+01
-6.818636694166589507e+01
2.420769944898549042e+01
1.102299409456106005e+01
-6.309181594374564384e+00
-4.276688151684378170e+01
1.516596005223740917e+01
-1.348804529109995798e+01
-7.868699833106003894e+01
-4.103530758222994734e+01
-3.214998884490245246e+01
-7.633142179210363309e+00
-1.282251655931518286e+01
-5.402561495396376756e+00
-5.569112327284351238e+01
-2.761965829505161452e+01
-2.350989367120969931e+01
-6.176243588588125988e+01
-4.291710319419537711e+01
-7.265969370161960228e+01
-4.918483558600527772e+01
-7.277584226264187350e+01
-4.867028137259917742e+01
-8.174101297536027744e+01
-3.395292005610485830e+00
-5.770559569385788024e+01
-7.032465847382383117e+01
-1.077379336152094425e+02
-1.302383796419352961e+02
-6.388969894654767501e+01
-3.920858953803984548e+01
-1.334798264537294585e+02
-6.125366770378750658e+01
-1.095487074322095111e+02
-1.000503994273403237e+02
-7.549559315152600902e+01
-1.524045592699061444e+02
-6.681449189569181613e+01
-9.944447659431949660e+01
-1.065965093816496960e+02
-1.376602305257795820e+02
-8.542101123578778754e+01
-1.348090872554455473e+02
-2.122310126443325089e+02
-1.820464036205466130e+02
-1.665214012237249221e+02
-1.011787513396717060e+02
-1.286765042463497934e+02
-1.278241556579969540e+02
-1.836844800639524351e+02
-1.630621960067017824e+02
-1.641430702266811750e+02
-1.288382913190227157e+02
-1.678630939712440977e+02
-9.811831363812318330e+01
-1.505497452444556643e+02
-1.593122929878672096e+02
-1.753860484921639795e+02
-1.736262983302833618e+02
-1.739597068399170041e+02
-1.809422881917749919e+02
-2.414636553523503153e+02
-1.741138429105338616e+02
-2.743809211734630367e+02
-1.946594937482599619e+02
-2.246411926412371827e+02
-2.280122391567030604e+02
-1.419480195066421686e+02
-1.957984753918669298e+02
-1.903967034564514904e+02
-1.972571092826387371e+02
-2.128662472632803713e+02
-1.825426444621105873e+02
-1.813686937020888195e+02
-2.541796951428150919e+02
-2.571823579292589557e+02
-2.483151089191820517e+02
-2.187110730082859504e+02
-2.187955952297729141e+02
-2.207185083227550706e+02
-2.082651754479913109e+02
-2.768710986600128763e+02
-2.218544635132093674e+02
-2.044568184411309346e+02
-2.447905897213202309e+02
-2.509117440920068418e+02
-2.973931345228451164e+02
-2.824040903193231884e+02
-3.243916337188553030e+02
-3.022682328409541128e+02
-2.350574534023872673e+02
-2.005460276736403102e+02
-2.806217785561163396e+02
-2.048967856849439784e+02
-3.257256331828526754e+02
-2.058999804795673754e+02
-2.648943272163095912e+02
-2.589182411117763536e+02
-2.787840241716719447e+02
-2.917864651473404933e+02
-3.010075672866511240e+02
-2.982057809572095834e+02
-3.310210770059715060e+02
-2.588005574731000138e+02
-3.503121914758298203e+02
-2.775997996745686009e+02
-3.151768027440047035e+02
-3.400920225719743826e+02
-3.536552394109244233e+02
-3.066226047730193613e+02
-3.055721095723218923e+02
-3.047705412017736535e+02
-2.829684132470213740e+02
-3.393105763142871183e+02
-3.126535506576677790e+02
-3.302470201083958727e+02
-3.538521763738312416e+02
-2.839662245308801403e+02
-3.597169624790444118e+02
-3.145461589357230991e+02
-3.064134184651383066e+02
-3.379152560898481283e+02
-2.843575210411431726e+02
-3.418317052814813906e+02
-3.411140078611772424e+02
-3.598114836424421696e+02
-3.627029379253328898e+02
-2.943402426140854686e+02
-4.041000231044982343e+02
-2.879515081387303894e+02
-3.184928998971901706e+02
-3.865843366124494196e+02
-3.234216542704882613e+02
-3.806643149967451336e+02
-4.072693548271885220e+02
-4.158009174996041111e+02
-4.044241818311838870e+02
-4.302302599793826516e+02
-3.607619697563748673e+02
-3.767465444154884153e+02
-4.264437430046895656e+02
-3.797559948125419851e+02
-3.961573860404369611e+02
-3.943475113689077602e+02
-4.263767664714679881e+02
-4.432823212765190988e+02
-4.300878019560346956e+02
-3.679727395589166008e+02
-3.888515467408365680e+02
-4.186732111352051220e+02
-4.069697480965268142e+02
-4.014469682228436227e+02
-4.245301153139697021e+02
-4.218256251907831711e+02
-3.905300812796743344e+02
-4.611323938950274055e+02
-4.079044762609332793e+02
-4.896642239764196916e+02
-3.522052138009340752e+02
-4.037424965357362794e+02
-4.337501820311724714e+02
-4.413621791812205970e+02
-4.248575630015932347e+02
-4.065858117304514394e+02
-4.608419801433773273e+02
-4.669300941164574397e+02
-4.420398687135398177e+02
-4.292993401508822444e+02
-4.207649606218977283e+02
-4.303049076160296522e+02
-4.881191069915757339e+02
-4.596290322797245835e+02
-4.577731018405710302e+02
-4.379481854118396882e+02
-4.409021915825599649e+02
-5.164027128402636890e+02
-4.630859547684744939e+02
-4.423731516020857839e+02
-4.253988530454981287e+02
-4.188135664767465869e+02
-4.752044564683039880e+02
-4.757053179996040626e+02
-4.630408533506671915e+02
-4.695667744906758116e+02
-4.354262249738864057e+02
-5.171625947197246660e+02
-4.460386270695940993e+02
-4.822462241509643945e+02
-5.309801252030325713e+02
-4.555458635835385621e+02
-5.574338945475328728e+02
-4.693128595220250077e+02
-4.769127286396350200e+02
-4.663634672825258463e+02
-5.142450535689443996e+02
-4.911016808925605801e+02
-5.156186250826546029e+02
-5.154213942627976621e+02
-4.387646692786648828e+02
-5.397432118713597902e+02
-4.988183137317849969e+02
-4.625254360454483162e+02
-4.401079515377176676e+02
-5.106728984734764936e+02
-5.153359189184062643e+02
-4.892961659619014085e+02
-4.525215929251315288e+02
-5.230429205874982017e+02
-5.218267290389954951e+02
-4.984354776574203356e+02
-4.980087433214248449e+02
-5.336964936504668913e+02
-5.252350865167186384e+02
-4.903900881827908620e+02
-4.858636730533694958e+02
-5.310598784364991616e+02
-4.642208849500233327e+02
-5.176718333321230148e+02
-4.943269355110231800e+02
-4.469117687979722859e+02
-4.848556155741998737e+02
-5.054429755153197448e+02
-4.990565078756268917e+02
-4.828880781257588524e+02
-5.409921564775072511e+02
-5.755399531723434166e+02
-5.503596873649390773e+02
-5.262627799660413075e+02
-4.941619454079177558e+02
-5.367827753198042728e+02
-5.114501276774744269e+02
-4.723248914410673365e+02
-4.990972917828498225e+02
-4.865183867731051350e+02
-5.611871257032780704e+02
-5.423630043882538985e+02
-5.057520515412812756e+02
-5.232060229954869328e+02
-4.732594240298998898e+02
-4.467375658759136172e+02
-5.780535956230002057e+02
-5.142190639882699088e+02
-5.058619101191401910e+02
-5.631702493735878079e+02
-5.523212688862831783e+02
-5.094930430658811247e+02
-5.156353625959607143e+02
-5.144429022549358024e+02
-5.463602917011677391e+02
-5.278923181751390530e+02
-5.091310371149911589e+02
-5.162202798634017427e+02
-5.421371132238381279e+02
-5.403857696172404985e+02
-5.413575638714468141e+02
-5.015387423828696569e+02
-5.824690006797179649e+02
-4.918757570800503345e+02
-4.530961160716024665e+02
-5.243746370944934370e+02
-4.697777354571343835e+02
-4.937391435102742889e+02
-5.122241915239644641e+02
-5.465257019179244935e+02
-5.300617558242365703e+02
-5.435080176702227845e+02
-5.011829383845346229e+02
-4.854273777512079278e+02
-5.354545200986862028e+02
-5.855125658512540667e+02
-5.330209035545071856e+02
-5.102764245178441911e+02
-4.733905872241101065e+02
-5.113433220765541023e+02
-5.573626272320113912e+02
-4.956705054258893597e+02
-4.817694987234206110e+02
-5.613695053002103350e+02
-5.805286894575356200e+02
-5.315784727874594182e+02
-5.746467472780080925e+02
-5.424223274747640744e+02
-6.122252170556884039e+02
-4.724862676346609192e+02
-5.389436005459137959e+02
-5.107248316190747914e+02
-5.152721153743730156e+02
-4.870361735810396908e+02
-5.294531846092429532e+02
-5.476287081956947986e+02
-5.112612020601173413e+02
-5.458179710180752409e+02
-5.292773333956213264e+02
-5.429616090961017107e+02
-4.934061643012919944e+02
-5.277302788762824548e+02
-5.031558852529737464e+02
-5.338299612897625366e+02
-5.548921190883660302e+02
-5.572467096297654052e+02
-5.168851109262615182e+02
-4.801211176113378087e+02
-5.385991536747469581e+02
-4.790416233983560801e+02
-5.108404239211977256e+02
-4.910686709271105315e+02
-5.220246709655425548e+02
-5.075625263470802793e+02
-5.969014090135260631e+02
-4.812379805468293625e+02
-5.377241935146196283e+02
-4.447648066672583695e+02
-5.273683463844508879e+02
-4.633017799207017333e+02
-5.275249126968798237e+02
-5.311313958376637174e+02
-4.527549141923453817e+02
-5.080109895409012779e+02
-5.462626530878367248e+02
-5.006100592844802577e+02
-4.013712441929602051e+02
-5.185892877319610079e+02
-4.604348716682229679e+02
-5.368709160168516519e+02
-5.125829259833986953e+02
-4.589349279636179517e+02
-4.516854328308817230e+02
-4.632941025883239377e+02
-5.130112859601849777e+02
-4.554469691743165072e+02
-4.971624392397578163e+02
-4.710342403027545970e+02
-5.144395136606379992e+02
-4.387003630216383954e+02
-4.661314718956934939e+02
-4.654713054763885225e+02
-4.473488122052359586e+02
-3.978163528336255013e+02
-4.642943349093071674e+02
-4.832106444505482727e+02
-4.800076555216473935e+02
-4.301302290270393200e+02
-4.339569831880603488e+02
-4.701732832146924466e+02
-4.833265369475958551e+02
-4.642213924512114431e+02
-4.771049562332642040e+02
-4.439690064559303551e+02
-4.697680604512668197e+02
-4.848110213846024976e+02
-4.651668549736860996e+02
-4.081994864848679185e+02
-4.651125721325489621e+02
-4.511981593408121398e+02
-4.390332415694227279e+02
-4.114088351527386749e+02
-4.392631599217210123e+02
-4.513074363484032574e+02
-4.560134085128892707e+02
-4.803554450701286100e+02
-3.800017553868435698e+02
-4.566794313322924950e+02
-4.291210437292858160e+02
-4.179783289511310045e+02
-3.974924971767516126e+02
-4.361349494078416456e+02
-3.699987412770612423e+02
-4.543133853279642835e+02
-4.267556509869173169e+02
-3.957727549737815593e+02
-4.219471492526364500e+02
-4.115365397059949828e+02
-4.283212125049898304e+02
-4.210329037321924375e+02
-3.927602309853321572e+02
-3.766014941591099614e+02
-3.828839564196173910e+02
-3.499100245113760934e+02
-4.134500765956370856e+02
-4.099662798543977829e+02
-4.472458769321846148e+02
-4.286617607586556460e+02
-3.431659125332479903e+02
-3.973912167892235061e+02
-3.552981633657076941e+02
-3.808171720288721644e+02
-3.707350135064472738e+02
-3.535220078162595883e+02
-3.609887253134972411e+02
-4.340016964024300705e+02
-3.356168965515136051e+02
-3.459706677775861294e+02
-3.328261193568227441e+02
-3.477128646290527740e+02
-4.157253784174273505e+02
-3.906401861278456522e+02
-3.682825080900960302e+02
-3.441113713806117858e+02
-3.074413466635556915e+02
-3.500786389933219311e+02
-3.931286561213433401e+02
-3.522374304997443346e+02
-3.694846242705605164e+02
-3.487782481354232118e+02
-3.210440017346621175e+02
-3.851204352280042826e+02
-3.614944987128845355e+02
-2.962400134457939203e+02
-3.305143664728800559e+02
-3.113245685509983787e+02
-3.515115714809238057e+02
-3.503091857846342236e+02
-3.232532766860784363e+02
-3.231650642487265372e+02
-3.641977834895186561e+02
-3.637401410874599605e+02
-2.983727238664802712e+02
-2.841905395037816788e+02
-3.040340178845274863e+02
-2.789177558382493203e+02
-3.299329401295930779e+02
-3.221352256407105870e+02
-3.275287833040336523e+02
-2.929500356646040586e+02
-3.120873924053514656e+02
-2.766504518232724763e+02
-2.448917954983648713e+02
-2.839552191868401678e+02
-2.748151168799754487e+02
-2.704788277136905776e+02
-2.655185650179628283e+02
-2.703682716893703173e+02
-2.771203427690338685e+02
-3.245745731988985199e+02
-2.625666190484328126e+02
-2.934057932665077146e+02
-2.857751757571788858e+02
-2.441794190136229474e+02
-2.009322812667306550e+02
-2.238044903111508006e+02
-2.686764895977656238e+02
-2.532294182784480654e+02
-2.350799906193994957e+02
-2.157186160111096456e+02
-2.896437496937876404e+02
-2.841992970092446740e+02
-1.976520637520039259e+02
-2.408983739560277400e+02
-2.321344643272633164e+02
-1.994021801706178678e+02
-1.780190334372018697e+02
-2.232562590812358110e+02
-2.382383783372245603e+02
-1.626701986458260194e+02
-2.259798671312120746e+02
-1.968623253310414043e+02
-1.895996302533356754e+02
-1.998025282489940935e+02
-1.962171041671649903e+02
-1.967323089452461318e+02
-2.015721358000683381e+02
-1.395338447125108416e+02
-1.933729067283486529e+02
-1.915322195090671471e+02
-1.674315250225746752e+02
-1.620865756398274300e+02
-2.063126553022822520e+02
-1.652072601767031870e+02
-9.953696337288361917e+01
-1.484256604118542100e+02
-1.767009671369690409e+02
-1.760107907892246715e+02
-1.685076609133410557e+02
-1.288623077141777458e+02
-1.410720925885276529e+02
-1.727762510858879921e+02
-1.507155071310936592e+02
-8.032119707165340117e+01
-1.211025782639318038e+02
-1.361097550140646035e+02
-1.749441001090581835e+02
-1.127439388724669698e+02
-1.207511626887354765e+02
-1.323523388362221738e+02
-1.278072977525603164e+02
-1.255050324376756947e+02
-1.121964670079910604e+02
-1.097590442277701470e+02
-6.725514953895864778e+01
-1.216183814355907487e+02
-5.766200254719433360e+01
-1.649723536341426211e+00
-8.596944935827710310e+01
-8.098195780170512137e+01
-6.707172485823883790e+01
-8.061815669997240263e+01
-8.471905593521289290e+01
-4.304105375324508032e+01
-1.621372573153000474e+02
-6.495321994251533226e+01
-7.931895635663293831e+01
-3.610421899351691621e+01
-4.918369115092058053e+01
-9.964781218468030488e+01
-2.925035491840191071e+01
-3.659149655601375173e+01
-3.335974272151835862e+01
-3.274770319884596148e+01
-1.993630782726128814e+01
-1.817510444167215411e+01
-4.178512792183212810e+00
-5.959781151961094992e+01
-5.234707934419359532e+01
-3.145517149083615394e+01
2.107619383166993288e+01
-2.894670385477657248e+01
3.791902664961916081e+00
-2.637495872665844843e-01
-2.782293958346924612e+01
-6.856125148093993005e+01
-2.534478484881539373e+01
3.636212050423402786e+00
-4.547731836902870839e+01
-7.200662353863016563e+00
-4.049136753324623328e+01
8.254608743042837204e+00
1.887091061966142647e+01
1.519167251498330984e+00
6.850509049860397681e+01
-1.613127700029686906e+01
-1.836562661502114224e+01
-3.787467698619258272e+01
2.947290551566470285e+01
3.135544281141649847e+01
1.982408038204987832e+01
9.899919885827834776e+00
6.584201328420179777e+01
-1.613492447398770935e+01
2.782636706649613956e+01
6.034608974599580478e+01
7.254536972294238240e+01
3.793574903405424692e+01
7.907740748367331207e+01
4.683378754080254680e+01
1.910322222740470011e+01
9.825563851743467580e+01
9.024638612359628098e+01
4.335150567433049673e+01
1.114034253994323649e+02
1.147511931101227276e+02
9.501063312281031870e+01
6.391692678226339552e+01
1.578537978637602635e+01
8.864263146389447456e+01
6.488925925719395593e+01
6.788386830478148681e+01
9.528922767327131282e+01
1.033055324895777574e+02
1.194381747929289190e+02
8.301057761973410720e+01
5.138671354767575394e+01
1.055654456349184613e+02
9.312750773401297977e+01
8.996660921900723906e+01
8.092781585098778407e+01
1.195169483353564033e+02
1.150209760917026358e+02
1.099272212689145647e+02
1.137306859670380561e+02
1.907772249640742928e+02
1.282684074439749509e+02
8.649164916376433609e+01
1.464277742023750477e+02
9.889355557924038465e+01
8.641246067215686821e+01
1.964617072679983210e+02
1.160262014503585419e+02
1.201648248121447864e+02
1.395666294330795552e+02
1.539446629937197883e+02
1.884483968072028404e+02
1.344881401143017570e+02
1.094096461947232797e+02
1.877212414590839273e+02
1.562029758417937444e+02
1.762610918221617169e+02
1.153204245753126855e+02
1.659564807546156260e+02
1.695381344983233589e+02
1.681948078394370043e+02
1.418637563675572153e+02
1.795608152504256623e+02
1.870782260409286550e+02
1.930140434783012608e+02
1.467848580872498303e+02
1.857763509620611728e+02
2.322679212582249875e+02
1.547067097653346934e+02
1.547824458747475092e+02
1.914124140691827733e+02
2.078974385914977745e+02
2.285748822178571515e+02
2.684435341459059714e+02
1.629758615339349603e+02
2.049992703733485939e+02
2.137618552377192032e+02
1.919558019727386693e+02
1.504760230605073161e+02
2.233759721180708482e+02
1.620560694469198779e+02
2.127134942246018454e+02
2.074728425012717139e+02
1.702603358054902287e+02
2.230424388494506047e+02
2.394833913335896511e+02
1.813658407143567501e+02
2.265261365766028518e+02
3.282870430321258368e+02
2.483450535997315285e+02
2.353731271020934912e+02
2.401339652869402244e+02
2.117738999693490314e+02
2.228282002979804304e+02
1.658273663996707228e+02
1.749169015149149402e+02
2.573995433756790590e+02
1.938108068626249860e+02
2.479225705486001061e+02
2.353991346853643165e+02
2.107072460871407316e+02
2.506017385456990212e+02
2.384856334562418851e+02
2.597516596009081127e+02
2.320019376009145162e+02
2.626606717539615943e+02
2.278754775086371183e+02
2.195115513388792010e+02
2.524401116995543930e+02
2.689839741514491038e+02
2.735576589863966888e+02
2.291703029834487495e+02
2.235588140478865284e+02
2.690973533683152823e+02
2.451197795727651396e+02
2.171988098728375292e+02
2.114994503075299406e+02
2.070087381070142669e+02
2.547926785105038903e+02
2.087294493272938212e+02
2.530244539697980031e+02
2.674699367597688138e+02
2.364668470714040609e+02
2.437575469826932419e+02
2.760014893076389626e+02
2.198006648567839534e+02
1.991469388940146246e+02
2.761103520457819513e+02
2.405078726141381367e+02
2.451035532574021545e+02
2.860630112492200396e+02
2.404456165790558373e+02
2.710863822083417176e+02
2.813672389122554591e+02
2.462603552234851918e+02
2.819406955431173287e+02
2.676895531818294671e+02
2.469390335535316865e+02
2.591130970065721044e+02
2.986111016293337457e+02
2.904981849892678269e+02
2.671442554865119519e+02
2.576034924180868302e+02
2.633806368993498381e+02
2.854891211574507111e+02
3.307315308214076595e+02
2.318357503913035202e+02
2.922887555946614384e+02
2.876426534765000724e+02
2.421039974818294240e+02
2.489120262364868381e+02
2.649962970834172893e+02
2.599234616226065100e+02
2.527861833782751546e+02
2.771172734377537950e+02
2.546829442421724536e+02
2.769131584994465811e+02
2.277640016199646880e+02
2.635965854486445892e+02
3.142486013597479086e+02
2.651535044798146714e+02
2.398153585641720724e+02
2.611468979253922953e+02
2.448809916558247153e+02
3.155472042622736240e+02
2.814593701914496933e+02
2.571902634252751341e+02
2.693994006498582507e+02
2.456019946829077298e+02
2.834788235131368879e+02
2.970395335574917226e+02
2.449394856642023797e+02
2.731346705664939236e+02
2.430359799697259007e+02
2.489297157525698196e+02
2.507414895871064289e+02
2.706047095035349344e+02
3.219329212461946099e+02
2.478717669097168255e+02
2.794437503638017688e+02
3.191134946581966005e+02
2.495543180169722746e+02
3.036819576543566654e+02
2.996128630137509390e+02
2.438861458934302675e+02
2.626423222498177097e+02
2.792604463090143554e+02
2.556221967465284024e+02
2.746220232305184936e+02
2.247215730961086138e+02
2.960398775366449513e+02
2.344805337248928936e+02
2.596078081007934202e+02
2.573425093308493388e+02
3.071335786594640354e+02
2.827539610605013536e+02
2.937764088651809402e+02
2.723868576626302911e+02
1.981082765992277928e+02
1.887360141130302509e+02
2.704592134403542900e+02
2.501532825254595309e+02
2.055024965081724702e+02
2.441919007985366932e+02
2.438080555736272004e+02
2.410237239840526797e+02
2.626738776347635280e+02
2.132517221499852553e+02
2.085142547140571878e+02
2.677656979311278178e+02
2.530319100494010058e+02
2.129018309609876383e+02
2.043867611723403854e+02
1.982423227793559022e+02
2.339499105723109835e+02
2.380035651981854130e+02
2.236261685293186190e+02
2.516306082993242796e+02
2.102600908612194814e+02
1.570855152584366863e+02
2.657372534899938614e+02
2.158272964639131999e+02
2.311828268137292923e+02
2.539592234594281308e+02
1.902122449535366400e+02
2.234687977481590053e+02
1.731637782749893972e+02
1.818316442858817652e+02
2.391542910209677473e+02
2.555108822159374427e+02
1.836620658719625681e+02
2.240366310830823409e+02
2.005087427158953801e+02
1.630654528114788775e+02
2.601435885370098617e+02
2.180430499334539718e+02
1.848144712953386488e+02
1.717642851979722423e+02
1.709929363087521779e+02
1.926335260689708377e+02
1.651149305537085752e+02
2.131868346908257479e+02
1.593639308824670024e+02
2.093800728493711176e+02
2.012696656745357586e+02
2.001999011782120022e+02
1.270313918047479547e+02
1.806993028235522445e+02
1.501892959429271741e+02
1.255185299105378647e+02
1.370624371610926744e+02
1.728272877772936624e+02
1.578648390391330167e+02
1.500748616962193296e+02
1.314546219833435430e+02
2.065413575280853991e+02
1.373203392604926307e+02
1.530533266321244241e+02
1.389273849561454597e+02
1.502638059060786873e+02
1.604390309678789208e+02
1.383076511021506576e+02
1.355302131960226006e+02
1.337060412631340682e+02
2.064120095598352407e+02
1.321696586916415299e+02
1.274946288840178710e+02
1.072671508613767060e+02
1.247236899143915281e+02
1.833082527067002729e+02
1.241750226294331583e+02
6.213393328568882623e+01
1.493011350396916725e+02
1.581824045179797622e+02
1.090933528753263460e+02
1.873427729080986239e+02
1.243265791785258614e+02
8.903077114657092750e+01
8.647808396463361191e+01
9.545391830379404041e+01
1.174052857895288469e+02
8.969564196199397088e+01
7.322305742849891885e+01
1.114841365266130140e+02
7.006882774419310067e+01
1.359612977557879958e+02
1.491443163944092021e+02
5.303918397759983350e+01
1.327888388408526055e+02
8.375915425616722132e+01
4.917190819336643415e+01
8.431400126466027700e+01
9.970225303550296303e+01
8.212896795277677597e+01
8.703119801031940028e+01
1.107161593762030805e+02
5.247541314276703872e+01
6.148872080246397331e+01
9.553084386661271310e+01
1.060269087706540603e+02
4.476200556188751989e+01
5.343720793851801432e+00
5.460309585636929341e+01
1.095869050809407952e+01
9.728276606827257922e+01
-4.873224440866152918e-01
3.381409398833972801e+01
3.774998948345140093e+01
5.764247113129703592e+01
6.792529738406715012e+01
-1.700531124580869857e+00
3.063374427016326251e+01
2.549064176241740398e+01
1.923625608187288094e+01
4.509658492989004230e+00
1.956939750096715613e+00
1.879295769913710501e+01
5.805653462081661331e+01
4.301518530297067144e+01
-5.460173690295312099e+01
-6.216294928126743002e+00
-2.108342257456872204e+01
5.214073996344185247e+01
3.503844552085498520e+01
-3.966276106395159218e+01
6.205077865251467983e+00
1.022710876396571500e+01
-2.509567120284933850e+01
-3.212651550264153499e+00
1.554875489130218469e+01
-3.444526937973101610e+00
-3.390109503999048002e+01
-6.484064974725960440e+01
-3.554706409328949945e+01
-1.222480769192617611e+00
-7.763913703033581726e+01
-1.989710631332959423e+01
1.187496466915640525e+01
7.434241943546840758e+00
-4.905034637975013823e+01
-3.686307242823174590e+01
-1.842478456791806352e+01
-4.969973922870873650e+01
-5.860016138266190211e+01
-1.108776784404317226e+02
-3.995315523247587919e+01
-7.044643114232715675e+01
-5.717251890844102036e+01
-9.361912150736586113e+01
-1.022879282917867272e+02
-1.266775589955152270e+02
-6.408175841171816955e+01
-5.143469721183515730e+01
-5.313596648904691477e+01
-1.246017033777883398e+02
-8.807445974340339490e+01
-1.132675605322729950e+02
-1.167898344682339058e+02
-1.389561130923408143e+02
-1.399293736474755860e+02
-7.038654718253445708e+01
-2.563550420433464438e+01
-1.016670365987443745e+02
-8.880175728773262733e+01
-1.087432624013561338e+02
-1.178712179415641970e+02
-1.386637304140865581e+02
-6.701638011777015436e+01
-6.833164157257620275e+01
-1.421363316822812521e+02
-9.863524994690052949e+01
-1.774602995882672474e+02
-1.403127063627844962e+02
-1.167922842978823184e+02
-1.779895850798450283e+02
-1.221197934468885506e+02
-1.105131578456788759e+02
-1.316512920066275854e+02
-1.977363375016566351e+02
-1.441481944620488207e+02
-1.911428992922762973e+02
-1.236975763916521629e+02
-1.372887665483429487e+02
-1.592724375503949830e+02
-1.780673107484891489e+02
-1.788643925887874957e+02
-1.766705863349793617e+02
-1.841461003566516581e+02
-1.989988178084845458e+02
-1.877180339787397543e+02
-1.709833182941683560e+02
-2.237887983650757064e+02
-1.548630664236470693e+02
-1.519053719698111706e+02
-1.438947560175151068e+02
-1.993531493691149308e+02
-1.471465041801679092e+02
-2.087009341530396398e+02
-2.037226327014458320e+02
-2.250692985834245974e+02
-2.227708170277880981e+02
-1.949239226805810006e+02
-2.341006068226356547e+02
-2.127552410145070780e+02
-1.882623740656129598e+02
-1.991916677003030145e+02
-1.980328677485979370e+02
-1.412751187705140694e+02
-2.329768492076744337e+02
-2.358090017882216785e+02
-1.855567009913802394e+02
-2.404166877208324991e+02
-2.112033609314798639e+02
-2.083936632492483056e+02
-2.748738288159445347e+02
-1.775289974449354133e+02
-2.450239699520457179e+02
-2.253304280789957659e+02
-1.770126585330687590e+02
-2.632056717598642308e+02
-2.631057560229409660e+02
-1.892452052148834127e+02
-2.382552213539706543e+02
-2.111866609447748147e+02
-2.646166514140330150e+02
-2.192002716039807524e+02
-1.969406206428753876e+02
-2.649194320760565802e+02
-2.226603323835959145e+02
-2.424657873551476541e+02
-2.243493650949092455e+02
-2.416926762050473769e+02
-2.584596787299060452e+02
-2.890575148700260115e+02
-2.780190674282243322e+02
-2.295157738943235017e+02
-2.681074954671258297e+02
-2.487249510684198412e+02
-2.078074566133203973e+02
-2.677035745643953533e+02
-2.285077911700152526e+02
-2.689942428990319172e+02
-2.732801844768584374e+02
-2.745492763294415113e+02
-3.126407811597549653e+02
-3.043020020987796102e+02
-3.304266326101712252e+02
-2.748267939485683655e+02
-2.895071459127494791e+02
-2.324706649146873190e+02
-3.562194352139176203e+02
-3.066457946067368994e+02
-2.716413105941783783e+02
-3.111010184791232405e+02
-2.692703109965171393e+02
-2.996632918422394027e+02
-3.300130575736500873e+02
-3.198686704125278197e+02
-2.929904768910449775e+02
-2.908864538443768879e+02
-2.592707630476644454e+02
-2.701784502217923887e+02
-2.910863014418363832e+02
-2.924270749649157324e+02
-2.670309643506462294e+02
-2.866603263852107943e+02
-2.657294293029911501e+02
-2.558847664585086932e+02
-3.537937142554625893e+02
-3.322368635869233913e+02
-3.322961815182821397e+02
-3.702930544602364762e+02
-3.871897331850365163e+02
-2.925045152042171139e+02
-3.033738422184586625e+02
-3.183664705058488380e+02
-3.524605135554659228e+02
-2.921399671339744941e+02
-3.183822830389200362e+02
-3.811456273498958467e+02
-3.410344757785232446e+02
-3.296659132234540266e+02
-3.026421107440331184e+02
-3.053008902138623739e+02
-2.953267759420112384e+02
-3.430376909112806061e+02
-3.123651701199134436e+02
-3.056310211681474698e+02
-3.412359329264059511e+02
-3.197198079289459542e+02
-3.467685304519357032e+02
-3.205768167336497640e+02
-3.414280701375200806e+02
-3.145599501383229040e+02
-3.448454105125006777e+02
-2.636918017924879223e+02
-3.151716986847144426e+02
-3.249379349742255272e+02
-3.594760651545238943e+02
-3.790791508427320764e+02
-3.098109993907679609e+02
-2.821884156297804793e+02
-3.734962832784908642e+02
-2.982849708840297467e+02
-3.435731849790646493e+02
-3.310464935883275643e+02
-3.034418622541172681e+02
-3.772796795607888498e+02
-2.885972593755764706e+02
-3.181138088481390582e+02
-3.221314474040002551e+02
-3.500399405414478906e+02
-2.946247865152154759e+02
-3.408163499249775441e+02
-4.150213154910985622e+02
-3.815994318918244517e+02
-3.628169744206345513e+02
-2.941968250050488791e+02
-3.183971717466502582e+02
-3.142276499590797698e+02
-3.667511755005925806e+02
-3.427726100456832228e+02
-3.404778652233207481e+02
-3.017782762669756949e+02
-3.373892262454433535e+02
-2.642117007307040240e+02
-3.131916464935166573e+02
-3.184841212989226165e+02
-3.310693720521382488e+02
-3.258028423139018628e+02
-3.226113551083470838e+02
-3.260510849833709699e+02
-3.830118069653575503e+02
-3.120837193776073377e+02
-4.087550579278541818e+02
-3.254205932815307278e+02
-3.517721261523552698e+02
-3.514960481923769748e+02
-2.617679175927524398e+02
-3.119378496558529719e+02
-3.028391162405116006e+02
-3.059862997476027431e+02
-3.178661329830152340e+02
-2.837973230083177327e+02
-2.788624442193565187e+02
-3.478969799137852306e+02
-3.471078239297711434e+02
-3.344335893632579086e+02
-3.010075888828167763e+02
-2.972553568187747715e+02
-2.953269167210560795e+02
-2.790078240642155833e+02
-3.437337747087290154e+02
-2.848231494961082717e+02
-2.635176936171013722e+02
-2.999300315652901077e+02
-3.021163297424183725e+02
-3.446496422176348347e+02
-3.256995008202756026e+02
-3.637131317242021282e+02
-3.376032083860906141e+02
-2.663935032485790657e+02
-2.278709566845923860e+02
-3.039236010622801132e+02
-2.241637268354368757e+02
-3.409461302848655464e+02
-2.170626843251371838e+02
-2.719881033963344521e+02
-2.619321713171506758e+02
-2.777074074814229334e+02
-2.866088193036438270e+02
-2.917186299566078560e+02
-2.847955109812658065e+02
-3.134796556328639667e+02
-2.371183895812114315e+02
-3.244799067808376094e+02
-2.476082539232732245e+02
-2.810170788942244826e+02
-3.017554319583933307e+02
-3.111333228967828290e+02
-2.599071338875344281e+02
-2.546550876337307727e+02
-2.496442044258892849e+02
-2.236252318411936528e+02
-2.757432555566635415e+02
-2.448550319616452384e+02
-2.582104820721631881e+02
-2.775710358148953105e+02
-2.034341375054751495e+02
-2.749278252863222178e+02
-2.254941091066233128e+02
-2.130928357358411915e+02
-2.403207633597096162e+02
-1.824839853150158433e+02
-2.356742385963269157e+02
-2.306679681968722946e+02
-2.450724758166864206e+02
-2.436668144725655623e+02
-1.710031046483189243e+02
-2.764582211659790119e+02
-1.560016430243368575e+02
-1.822318234744793131e+02
-2.460091526172677732e+02
-1.785297190880576750e+02
-2.314532384261430025e+02
-2.537370008291344448e+02
-2.579454049274747831e+02
-2.422438851451735786e+02
-2.637238099437289520e+02
-1.899282541195733529e+02
-2.015847085734154120e+02
-2.469531906465609836e+02
-1.959363885496300099e+02
-2.080086480174731776e+02
-2.018698238580997781e+02
-2.295705724490578064e+02
-2.421483249818139143e+02
-2.246269694328426567e+02
-1.581862991793177002e+02
-1.747409897112265185e+02
-2.002402919845432052e+02
-1.842164851467283597e+02
-1.743756440412516611e+02
-1.931432771478469590e+02
-1.861260853837667071e+02
-1.505209176701292506e+02
-2.168169501962492518e+02
-1.592863624231385131e+02
-2.367473165304743929e+02
-9.499365618376384646e+01
-1.422406993973711735e+02
-1.679628235233708438e+02
-1.712942052276277991e+02
-1.505141875493873442e+02
-1.279725169834262175e+02
-1.779645167764248299e+02
-1.797944814713984840e+02
-1.506523949762686243e+02
-1.336665625097788279e+02
-1.208937054074723108e+02
-1.262022704217619093e+02
-1.797924527759084015e+02
-1.470859954491823487e+02
-1.410215863139665089e+02
-1.169963646655376408e+02
-1.157585086767677183e+02
-1.870758804263189177e+02
-1.295849550771020233e+02
-1.047072364125984194e+02
-8.357754363591618585e+01
-7.284665355481160987e+01
-1.251020000833662493e+02
-1.214776474353611917e+02
-1.046985669987382153e+02
-1.071207397049884094e+02
-6.888757790586636531e+01
-1.465427401342670919e+02
-7.134923814180770307e+01
-1.034992422436751554e+02
-1.481877596250350564e+02
-6.872059132858986175e+01
-1.665884600140760767e+02
-7.446027421364128429e+01
-7.806627084621666768e+01
-6.353668174216816311e+01
-1.074517511105563727e+02
-8.035593805918946941e+01
-1.009347837355320081e+02
-9.681406116610401114e+01
-1.624871566502108422e+01
-1.133337729880492617e+02
-6.853078836771368287e+01
-2.837548603885104370e+01
-2.111501264622301477e+00
-6.884613431693638574e+01
-6.969528871851412077e+01
-3.985837844659948814e+01
6.963828781668333079e-01
-6.606198521554031799e+01
-6.110032188293796196e+01
-3.398134492121690187e+01
-2.984488896348215192e+01
-6.184117869961922054e+01
-4.970682836914221525e+01
-3.205368704679984404e+01
1.987846106516072098e+01
-3.074505675554408057e+01
1.390826207818810722e+00
-3.270352365655714522e+00
-3.143856925067728270e+01
-7.279010448349276885e+01
-3.019175120561895298e+01
-1.834448563569321067e+00
-5.157794195828282113e+01
-1.393820200353049543e+01
-4.787345686991822902e+01
2.196597528225510132e-01
1.017412024481731692e+01
-7.849113056303568925e+00
5.845501020912645629e+01
-2.687412313649548423e+01
-2.981285423066287166e+01
-5.003854507118296624e+01
1.657950138365371728e+01
1.771897759220637525e+01
5.430407050814082481e+00
-5.265722739855092982e+00
4.988903419673899009e+01
-3.289120466088203187e+01
1.025023252482352376e+01
4.193296816312569320e+01
5.327755849782035824e+01
1.779498549290671860e+01
5.804487904291809031e+01
2.489014218632296860e+01
-3.771420694589089351e+00
7.442959983199365581e+01
6.544804733577126399e+01
1.755946799773208511e+01
8.459580758684793977e+01
8.690564372575673247e+01
6.610434309453704316e+01
3.392664222816510033e+01
-1.531258489028735426e+01
5.641288271052802372e+01
3.150321772936949571e+01
3.331663442504787298e+01
5.951552509221015441e+01
6.629972243089541450e+01
8.117427062935706772e+01
4.346225967307689331e+01
1.052734410623793337e+01
6.336808418144732968e+01
4.956492637718943683e+01
4.501130832142559512e+01
3.455203984647289417e+01
7.169270172837742905e+01
6.572003963155711403e+01
5.912116829127506890e+01
6.139089889537353883e+01
1.368749119633837097e+02
7.277461921919751831e+01
2.937729589516213480e+01
8.766364261011857195e+01
3.845032610936455342e+01
2.426072479599739040e+01
1.325719848871624720e+02
5.036895839923286644e+01
5.271049044989457855e+01
7.028561431704967788e+01
8.280737662610593475e+01
1.154252654468250370e+02
5.954962464527751820e+01
3.252626004380867641e+01
1.088635685534232778e+02
7.534168859879628144e+01
9.336696916320514106e+01
3.036436995495625979e+01
7.890954019699557875e+01
8.037151463239382565e+01
7.687989392471594385e+01
4.837213030203611197e+01
8.386427355230405567e+01
8.914879779584222774e+01
9.282400824372133741e+01
4.430676374574752430e+01
8.098303151514545561e+01
1.251325145524872937e+02
4.520267514265588460e+01
4.288358173835287346e+01
7.709287535736243058e+01
9.113175415084653253e+01
1.093379720679262448e+02
1.467107266272039396e+02
3.872291033125963367e+01
7.820237140648472973e+01
8.439766341158789942e+01
6.000144777914388072e+01
1.590912902368415871e+01
8.617466907630613093e+01
2.219901266258166572e+01
7.017987931498659293e+01
6.224242118275220292e+01
2.231343144352518948e+01
7.235996180709770442e+01
8.604685411124860650e+01
2.515737287355626961e+01
6.752849944073668098e+01
1.664836441571363821e+02
8.371996100783758266e+01
6.791108327175794557e+01
6.982040089237695213e+01
3.859494736297540385e+01
4.677070672932912032e+01
-1.312109303561126694e+01
-6.934208172409199733e+00
7.263485196035755109e+01
6.122367254989697472e+00
5.730099310392611756e+01
4.183581808646981415e+01
1.419438854669447636e+01
5.113234869737138411e+01
3.605354092932032017e+01
5.435152527313404391e+01
2.362926352443624722e+01
5.131181074943808795e+01
1.354764242267124530e+01
2.202823960101703449e+00
3.214945132882870382e+01
4.571122582181484262e+01
4.730356132852061535e+01
-6.350426749476412169e-02
-8.652154812056132016e+00
3.391268591046014080e+01
6.965797963356312295e+00
-2.391917397156088043e+01
-3.257629072676395054e+01
-4.001757666496063592e+01
4.823916756077490930e+00
-4.417268484093596470e+01
-2.801026107885768113e+00
8.732092944383648359e+00
-2.517141930369822234e+01
-2.076823882407682831e+01
8.602051694203890264e+00
-5.045759029319521005e+01
-7.395433112943386789e+01
1.828395509677402941e-01
-3.822813926785244121e+01
-3.642224370653342191e+01
1.767114863562106564e+00
-4.659972248489964386e+01
-1.868677238536600882e+01
-1.111113474229157561e+01
-4.889967319424472691e+01
-1.587645740991596810e+01
-3.275923045366782560e+01
-5.611492599830640415e+01
-4.651862589978212270e+01
-9.570017796814674682e+00
-2.020301377622197236e+01
-4.604675942262742439e+01
-5.804613415637611240e+01
-5.469546071280644384e+01
-3.498037624795814082e+01
7.902629554078348662e+00
-9.331764044515853129e+01
-3.515329887555902388e+01
-4.205133415956629506e+01
-8.980429581843321785e+01
-8.517205607754482344e+01
-7.122417671353190372e+01
-7.839313389480005867e+01
-8.758540089169923704e+01
-6.526731281174986066e+01
-8.967181317962661069e+01
-6.936810539125704622e+01
-1.203992806414681525e+02
-8.640341455135539661e+01
-3.754201442882644102e+01
-8.838083539680245337e+01
-1.154150358634686171e+02
-9.573111593604724590e+01
-1.135954535358169579e+02
-4.447774409616010871e+01
-8.006342636486274955e+01
-1.057790131314440316e+02
-9.496428837555666291e+01
-1.201033541515497802e+02
-8.351476185550535547e+01
-7.118820926878031230e+01
-1.244676948499217985e+02
-9.739660256999059129e+01
-1.285634311083939565e+02
-1.236812849284962965e+02
-1.228239749280017179e+02
-1.038575321382977421e+02
-5.336786662594300878e+01
-1.282088091073668181e+02
-9.735734576817519326e+01
-5.834836109537932458e+01
-1.285080621133426177e+02
-7.492025479108825436e+01
-7.946805101923997938e+01
-1.356119186929994953e+02
-1.172109401101791804e+02
-1.008856780535162869e+02
-1.247540897972407379e+02
-1.059213807424975755e+02
-1.559255779139861033e+02
-8.464734393186984107e+01
-1.461827950458857686e+02
-1.209673979949623401e+02
-1.230800971872120897e+02
-7.307172447991058561e+01
-9.716912815113515478e+01
-8.579936938689263570e+01
-1.067763464873628294e+02
-1.805769446660739845e+02
-1.894056904056718622e+02
-1.070733360331716284e+02
-1.267043898837055735e+02
-1.706145138778945238e+02
-1.311186205037259072e+02
-1.306301283677732101e+02
-1.324762740282108098e+02
-1.098221065449846918e+02
-1.581744619373052103e+02
-1.617764056566685440e+02
-1.013237987324474005e+02
-1.147908875443505110e+02
-1.535888578106974762e+02
-1.607065555975316613e+02
-1.653885263144927933e+02
-1.281535635722959228e+02
-1.225078359742721830e+02
-1.352286916930471818e+02
-1.055034937714497119e+02
-1.450893072927209744e+02
-1.964155252293835758e+02
-8.585208808952739901e+01
-1.337873378664571646e+02
-1.163944451169006697e+02
-9.151840428647805936e+01
-1.531038502417608811e+02
-1.176242898731725006e+02
-1.656452598767554036e+02
-1.546327552672819365e+02
-9.490535305577660097e+01
-7.608438107990120614e+01
-1.454097020637892115e+02
-1.024530566125817472e+02
-1.233408283468946252e+02
-1.580865323073740001e+02
-5.825392680194676842e+01
-9.754371544948442363e+01
-1.279058855839508624e+02
-1.380346440037649245e+02
-1.358302029298258731e+02
-1.111601350858937849e+02
-1.355962555938319838e+02
-8.438958750280627896e+01
-1.350261629091322391e+02
-8.177286884658579424e+01
-8.659605697074317732e+01
-8.432930790548559230e+01
-1.541127970712721833e+02
-9.701216219302743582e+01
-1.240425593890181517e+02
-1.451876622670793608e+02
-1.300728849677427093e+02
-9.069281788833865221e+01
-1.019965778131322907e+02
-1.060852813149417955e+02
-1.209625624081717632e+02
-4.209209630459749008e+01
-1.074895371620140168e+02
-8.789406251860287966e+01
-9.811955560147465860e+01
-8.284568447193399265e+01
-6.869697821294981566e+01
-8.681982690216685228e+01
-8.555467479109591977e+01
-8.330319873218797966e+01
-6.489534685847182516e+00
-7.659316123350311045e+01
-7.709946592282810229e+01
-9.312925400138051657e+01
-7.144710395873411812e+01
-8.610060326188744284e+00
-6.346499792579260202e+01
-1.212030479867220834e+02
-2.970913119445666695e+01
-1.647854778556811439e+01
-6.119676887559658951e+01
2.144391106252160739e+01
-3.716168526723117083e+01
-6.802865444037422549e+01
-6.613536110403144619e+01
-5.269750773618508077e+01
-2.626918879432296094e+01
-4.948805733856240607e+01
-6.145715346180498528e+01
-1.868098520865455470e+01
