8.68424 -6.68581
9.13684 -8.30508
14.4969 -18.2304
10.2998 -6.9198
14.3244 -10.5464
12.8509 -10.3192
13.712 -9.86529
14.3982 -16.0885
14.4842 -16.7643
14.9826 -19.823
17.4634 -18.3913
17.6633 -19.7817
14.3079 -17.5531
15.5306 -15.9782
14.8632 -19.1721
10.893 -18.5143
11.6433 -19.9444
9.63244 -19.2228
8.02585 -5.34828
15.5125 -9.12735
10.0307 -18.0501
10.0552 -19.0632
14.2855 -16.3695
14.5 -7.28379
19.8688 -17.4951
58.0006 20.4777
56.3677 20.4237
51.5332 20.2604
54.4839 20.8158
53.1306 21.7456
50.9309 21.2422
50.9658 20.2753
49.1995 23.1574
52.2761 20.2534
49.4284 24.0043
50.3913 20.7543
51.5385 22.443
50.8992 23.1297
50.2516 22.5467
50.0232 25.9519
49.2441 25.1579
54.4445 28.7628
51.686 25.6678
50.9506 25.1136
50.8591 27.6173
52.4447 26.397
52.5079 31.8942
52.504 22.32
53.9706 32.0374