-3.000000000000000000e+00
-2.979933023452758789e+00
-2.959866285324096680e+00
-2.939799308776855469e+00
-2.919732332229614258e+00
-2.899665594100952148e+00
-2.879598617553710938e+00
-2.859531879425048828e+00
-2.839464902877807617e+00
-2.819397926330566406e+00
-2.799331188201904297e+00
-2.779264211654663086e+00
-2.759197235107421875e+00
-2.739130496978759766e+00
-2.719063520431518555e+00
-2.698996543884277344e+00
-2.678929805755615234e+00
-2.658862829208374023e+00
-2.638796091079711914e+00
-2.618729114532470703e+00
-2.598662137985229492e+00
-2.578595399856567383e+00
-2.558528423309326172e+00
-2.538461446762084961e+00
-2.518394708633422852e+00
-2.498327732086181641e+00
-2.478260755538940430e+00
-2.458194017410278320e+00
-2.438127040863037109e+00
-2.418060302734375000e+00
-2.397993326187133789e+00
-2.377926349639892578e+00
-2.357859611511230469e+00
-2.337792634963989258e+00
-2.317725658416748047e+00
-2.297658920288085938e+00
-2.277591943740844727e+00
-2.257524967193603516e+00
-2.237458229064941406e+00
-2.217391252517700195e+00
-2.197324514389038086e+00
-2.177257537841796875e+00
-2.157190561294555664e+00
-2.137123823165893555e+00
-2.117056846618652344e+00
-2.096989870071411133e+00
-2.076923131942749023e+00
-2.056856155395507812e+00
-2.036789178848266602e+00
-2.016722440719604492e+00
-1.996655464172363281e+00
-1.976588606834411621e+00
-1.956521749496459961e+00
-1.936454892158508301e+00
-1.916387915611267090e+00
-1.896321058273315430e+00
-1.876254200935363770e+00
-1.856187343597412109e+00
-1.836120367050170898e+00
-1.816053509712219238e+00
-1.795986652374267578e+00
-1.775919675827026367e+00
-1.755852818489074707e+00
-1.735785961151123047e+00
-1.715719103813171387e+00
-1.695652127265930176e+00
-1.675585269927978516e+00
-1.655518412590026855e+00
-1.635451555252075195e+00
-1.615384578704833984e+00
-1.595317721366882324e+00
-1.575250864028930664e+00
-1.555183887481689453e+00
-1.535117030143737793e+00
-1.515050172805786133e+00
-1.494983315467834473e+00
-1.474916338920593262e+00
-1.454849481582641602e+00
-1.434782624244689941e+00
-1.414715766906738281e+00
-1.394648790359497070e+00
-1.374581933021545410e+00
-1.354515075683593750e+00
-1.334448218345642090e+00
-1.314381241798400879e+00
-1.294314384460449219e+00
-1.274247527122497559e+00
-1.254180550575256348e+00
-1.234113693237304688e+00
-1.214046835899353027e+00
-1.193979978561401367e+00
-1.173913002014160156e+00
-1.153846144676208496e+00
-1.133779287338256836e+00
-1.113712430000305176e+00
-1.093645453453063965e+00
-1.073578596115112305e+00
-1.053511738777160645e+00
-1.033444762229919434e+00
-1.013377904891967773e+00
-9.933110475540161133e-01
-9.732441306114196777e-01
-9.531772732734680176e-01
-9.331103563308715820e-01
-9.130434989929199219e-01
-8.929765820503234863e-01
-8.729097247123718262e-01
-8.528428077697753906e-01
-8.327758908271789551e-01
-8.127090334892272949e-01
-7.926421165466308594e-01
-7.725752592086791992e-01
-7.525083422660827637e-01
-7.324414849281311035e-01
-7.123745679855346680e-01
-6.923077106475830078e-01
-6.722407937049865723e-01
-6.521739363670349121e-01
-6.321070194244384766e-01
-6.120401620864868164e-01
-5.919732451438903809e-01
-5.719063282012939453e-01
-5.518394708633422852e-01
-5.317725539207458496e-01
-5.117056965827941895e-01
-4.916388094425201416e-01
-4.715718924999237061e-01
-4.515050053596496582e-01
-4.314381182193756104e-01
-4.113712310791015625e-01
-3.913043439388275146e-01
-3.712374567985534668e-01
-3.511705696582794189e-01
-3.311036825180053711e-01
-3.110367953777313232e-01
-2.909699082374572754e-01
-2.709030210971832275e-01
-2.508361339569091797e-01
-2.307692319154739380e-01
-2.107023447751998901e-01
-1.906354576349258423e-01
-1.705685555934906006e-01
-1.505016684532165527e-01
-1.304347813129425049e-01
-1.103678941726684570e-01
-9.030100703239440918e-02
-7.023411244153976440e-02
-5.016722530126571655e-02
-3.010033443570137024e-02
-1.003344450145959854e-02
1.003344450145959854e-02
3.010033443570137024e-02
5.016722530126571655e-02
7.023411244153976440e-02
9.030100703239440918e-02
1.103678941726684570e-01
1.304347813129425049e-01
1.505016684532165527e-01
1.705685555934906006e-01
1.906354576349258423e-01
2.107023447751998901e-01
2.307692319154739380e-01
2.508361339569091797e-01
2.709030210971832275e-01
2.909699082374572754e-01
3.110367953777313232e-01
3.311036825180053711e-01
3.511705696582794189e-01
3.712374567985534668e-01
3.913043439388275146e-01
4.113712310791015625e-01
4.314381182193756104e-01
4.515050053596496582e-01
4.715718924999237061e-01
4.916388094425201416e-01
5.117056965827941895e-01
5.317725539207458496e-01
5.518394708633422852e-01
5.719063282012939453e-01
5.919732451438903809e-01
6.120401620864868164e-01
6.321070194244384766e-01
6.521739363670349121e-01
6.722407937049865723e-01
6.923077106475830078e-01
7.123745679855346680e-01
7.324414849281311035e-01
7.525083422660827637e-01
7.725752592086791992e-01
7.926421165466308594e-01
8.127090334892272949e-01
8.327758908271789551e-01
8.528428077697753906e-01
8.729097247123718262e-01
8.929765820503234863e-01
9.130434989929199219e-01
9.331103563308715820e-01
9.531772732734680176e-01
9.732441306114196777e-01
9.933110475540161133e-01
1.013377904891967773e+00
1.033444762229919434e+00
1.053511738777160645e+00
1.073578596115112305e+00
1.093645453453063965e+00
1.113712430000305176e+00
1.133779287338256836e+00
1.153846144676208496e+00
1.173913002014160156e+00
1.193979978561401367e+00
1.214046835899353027e+00
1.234113693237304688e+00
1.254180550575256348e+00
1.274247527122497559e+00
1.294314384460449219e+00
1.314381241798400879e+00
1.334448218345642090e+00
1.354515075683593750e+00
1.374581933021545410e+00
1.394648790359497070e+00
1.414715766906738281e+00
1.434782624244689941e+00
1.454849481582641602e+00
1.474916338920593262e+00
1.494983315467834473e+00
1.515050172805786133e+00
1.535117030143737793e+00
1.555183887481689453e+00
1.575250864028930664e+00
1.595317721366882324e+00
1.615384578704833984e+00
1.635451555252075195e+00
1.655518412590026855e+00
1.675585269927978516e+00
1.695652127265930176e+00
1.715719103813171387e+00
1.735785961151123047e+00
1.755852818489074707e+00
1.775919675827026367e+00
1.795986652374267578e+00
1.816053509712219238e+00
1.836120367050170898e+00
1.856187343597412109e+00
1.876254200935363770e+00
1.896321058273315430e+00
1.916387915611267090e+00
1.936454892158508301e+00
1.956521749496459961e+00
1.976588606834411621e+00
1.996655464172363281e+00
2.016722440719604492e+00
2.036789178848266602e+00
2.056856155395507812e+00
2.076923131942749023e+00
2.096989870071411133e+00
2.117056846618652344e+00
2.137123823165893555e+00
2.157190561294555664e+00
2.177257537841796875e+00
2.197324514389038086e+00
2.217391252517700195e+00
2.237458229064941406e+00
2.257524967193603516e+00
2.277591943740844727e+00
2.297658920288085938e+00
2.317725658416748047e+00
2.337792634963989258e+00
2.357859611511230469e+00
2.377926349639892578e+00
2.397993326187133789e+00
2.418060302734375000e+00
2.438127040863037109e+00
2.458194017410278320e+00
2.478260755538940430e+00
2.498327732086181641e+00
2.518394708633422852e+00
2.538461446762084961e+00
2.558528423309326172e+00
2.578595399856567383e+00
2.598662137985229492e+00
2.618729114532470703e+00
2.638796091079711914e+00
2.658862829208374023e+00
2.678929805755615234e+00
2.698996543884277344e+00
2.719063520431518555e+00
2.739130496978759766e+00
2.759197235107421875e+00
2.779264211654663086e+00
2.799331188201904297e+00
2.819397926330566406e+00
2.839464902877807617e+00
2.859531879425048828e+00
2.879598617553710938e+00
2.899665594100952148e+00
2.919732332229614258e+00
2.939799308776855469e+00
2.959866285324096680e+00
2.979933023452758789e+00
3.000000000000000000e+00