0.000000000000000000e+00
2.006688900291919708e-02
4.013377800583839417e-02
6.020066887140274048e-02
8.026755601167678833e-02
1.003344506025314331e-01
1.204013377428054810e-01
1.404682248830795288e-01
1.605351120233535767e-01
1.806020140647888184e-01
2.006689012050628662e-01
2.207357883453369141e-01
2.408026754856109619e-01
2.608695626258850098e-01
2.809364497661590576e-01
3.010033369064331055e-01
3.210702240467071533e-01
3.411371111869812012e-01
3.612040281295776367e-01
3.812709152698516846e-01
4.013378024101257324e-01
4.214046895503997803e-01
4.414715766906738281e-01
4.615384638309478760e-01
4.816053509712219238e-01
5.016722679138183594e-01
5.217391252517700195e-01
5.418060421943664551e-01
5.618728995323181152e-01
5.819398164749145508e-01
6.020066738128662109e-01
6.220735907554626465e-01
6.421404480934143066e-01
6.622073650360107422e-01
6.822742223739624023e-01
7.023411393165588379e-01
7.224080562591552734e-01
7.424749135971069336e-01
7.625418305397033691e-01
7.826086878776550293e-01
8.026756048202514648e-01
8.227424621582031250e-01
8.428093791007995605e-01
8.628762364387512207e-01
8.829431533813476562e-01
9.030100107192993164e-01
9.230769276618957520e-01
9.431437849998474121e-01
9.632107019424438477e-01
9.832776188850402832e-01
1.003344535827636719e+00
1.023411393165588379e+00
1.043478250503540039e+00
1.063545107841491699e+00
1.083612084388732910e+00
1.103678941726684570e+00
1.123745799064636230e+00
1.143812656402587891e+00
1.163879632949829102e+00
1.183946490287780762e+00
1.204013347625732422e+00
1.224080324172973633e+00
1.244147181510925293e+00
1.264214038848876953e+00
1.284280896186828613e+00
1.304347872734069824e+00
1.324414730072021484e+00
1.344481587409973145e+00
1.364548444747924805e+00
1.384615421295166016e+00
1.404682278633117676e+00
1.424749135971069336e+00
1.444816112518310547e+00
1.464882969856262207e+00
1.484949827194213867e+00
1.505016684532165527e+00
1.525083661079406738e+00
1.545150518417358398e+00
1.565217375755310059e+00
1.585284233093261719e+00
1.605351209640502930e+00
1.625418066978454590e+00
1.645484924316406250e+00
1.665551781654357910e+00
1.685618758201599121e+00
1.705685615539550781e+00
1.725752472877502441e+00
1.745819449424743652e+00
1.765886306762695312e+00
1.785953164100646973e+00
1.806020021438598633e+00
1.826086997985839844e+00
1.846153855323791504e+00
1.866220712661743164e+00
1.886287569999694824e+00
1.906354546546936035e+00
1.926421403884887695e+00
1.946488261222839355e+00
1.966555237770080566e+00
1.986622095108032227e+00
2.006689071655273438e+00
2.026755809783935547e+00
2.046822786331176758e+00
2.066889524459838867e+00
2.086956501007080078e+00
2.107023477554321289e+00
2.127090215682983398e+00
2.147157192230224609e+00
2.167224168777465820e+00
2.187290906906127930e+00
2.207357883453369141e+00
2.227424860000610352e+00
2.247491598129272461e+00
2.267558574676513672e+00
2.287625312805175781e+00
2.307692289352416992e+00
2.327759265899658203e+00
2.347826004028320312e+00
2.367892980575561523e+00
2.387959957122802734e+00
2.408026695251464844e+00
2.428093671798706055e+00
2.448160648345947266e+00
2.468227386474609375e+00
2.488294363021850586e+00
2.508361101150512695e+00
2.528428077697753906e+00
2.548495054244995117e+00
2.568561792373657227e+00
2.588628768920898438e+00
2.608695745468139648e+00
2.628762483596801758e+00
2.648829460144042969e+00
2.668896436691284180e+00
2.688963174819946289e+00
2.709030151367187500e+00
2.729096889495849609e+00
2.749163866043090820e+00
2.769230842590332031e+00
2.789297580718994141e+00
2.809364557266235352e+00
2.829431533813476562e+00
2.849498271942138672e+00
2.869565248489379883e+00
2.889632225036621094e+00
2.909698963165283203e+00
2.929765939712524414e+00
2.949832677841186523e+00
2.969899654388427734e+00
2.989966630935668945e+00
3.010033369064331055e+00
3.030100345611572266e+00
3.050167322158813477e+00
3.070234060287475586e+00
3.090301036834716797e+00
3.110367774963378906e+00
3.130434751510620117e+00
3.150501728057861328e+00
3.170568466186523438e+00
3.190635442733764648e+00
3.210702419281005859e+00
3.230769157409667969e+00
3.250836133956909180e+00
3.270903110504150391e+00
3.290969848632812500e+00
3.311036825180053711e+00
3.331103563308715820e+00
3.351170539855957031e+00
3.371237516403198242e+00
3.391304254531860352e+00
3.411371231079101562e+00
3.431438207626342773e+00
3.451504945755004883e+00
3.471571922302246094e+00
3.491638898849487305e+00
3.511705636978149414e+00
3.531772613525390625e+00
3.551839351654052734e+00
3.571906328201293945e+00
3.591973304748535156e+00
3.612040042877197266e+00
3.632107019424438477e+00
3.652173995971679688e+00
3.672240734100341797e+00
3.692307710647583008e+00
3.712374687194824219e+00
3.732441425323486328e+00
3.752508401870727539e+00
3.772575139999389648e+00
3.792642116546630859e+00
3.812709093093872070e+00
3.832775831222534180e+00
3.852842807769775391e+00
3.872909784317016602e+00
3.892976522445678711e+00
3.913043498992919922e+00
3.933110475540161133e+00
3.953177213668823242e+00
3.973244190216064453e+00
3.993310928344726562e+00
4.013378143310546875e+00
4.033444881439208984e+00
4.053511619567871094e+00
4.073578357696533203e+00
4.093645572662353516e+00
4.113712310791015625e+00
4.133779048919677734e+00
4.153846263885498047e+00
4.173913002014160156e+00
4.193979740142822266e+00
4.214046955108642578e+00
4.234113693237304688e+00
4.254180431365966797e+00
4.274247646331787109e+00
4.294314384460449219e+00
4.314381122589111328e+00
4.334448337554931641e+00
4.354515075683593750e+00
4.374581813812255859e+00
4.394649028778076172e+00
4.414715766906738281e+00
4.434782505035400391e+00
4.454849720001220703e+00
4.474916458129882812e+00
4.494983196258544922e+00
4.515049934387207031e+00
4.535117149353027344e+00
4.555183887481689453e+00
4.575250625610351562e+00
4.595317840576171875e+00
4.615384578704833984e+00
4.635451316833496094e+00
4.655518531799316406e+00
4.675585269927978516e+00
4.695652008056640625e+00
4.715719223022460938e+00
4.735785961151123047e+00
4.755852699279785156e+00
4.775919914245605469e+00
4.795986652374267578e+00
4.816053390502929688e+00
4.836120605468750000e+00
4.856187343597412109e+00
4.876254081726074219e+00
4.896321296691894531e+00
4.916388034820556641e+00
4.936454772949218750e+00
4.956521511077880859e+00
4.976588726043701172e+00
4.996655464172363281e+00
5.016722202301025391e+00
5.036789417266845703e+00
5.056856155395507812e+00
5.076922893524169922e+00
5.096990108489990234e+00
5.117056846618652344e+00
5.137123584747314453e+00
5.157190799713134766e+00
5.177257537841796875e+00
5.197324275970458984e+00
5.217391490936279297e+00
5.237458229064941406e+00
5.257524967193603516e+00
5.277592182159423828e+00
5.297658920288085938e+00
5.317725658416748047e+00
5.337792873382568359e+00
5.357859611511230469e+00
5.377926349639892578e+00
5.397993087768554688e+00
5.418060302734375000e+00
5.438127040863037109e+00
5.458193778991699219e+00
5.478260993957519531e+00
5.498327732086181641e+00
5.518394470214843750e+00
5.538461685180664062e+00
5.558528423309326172e+00
5.578595161437988281e+00
5.598662376403808594e+00
5.618729114532470703e+00
5.638795852661132812e+00
5.658863067626953125e+00
5.678929805755615234e+00
5.698996543884277344e+00
5.719063758850097656e+00
5.739130496978759766e+00
5.759197235107421875e+00
5.779264450073242188e+00
5.799331188201904297e+00
5.819397926330566406e+00
5.839464664459228516e+00
5.859531879425048828e+00
5.879598617553710938e+00
5.899665355682373047e+00
5.919732570648193359e+00
5.939799308776855469e+00
5.959866046905517578e+00
5.979933261871337891e+00
6.000000000000000000e+00
