1.515645384788513184e+00
1.457482814788818359e+00
1.568823575973510742e+00
1.565927863121032715e+00
1.578464627265930176e+00
1.675634622573852539e+00
1.664599418640136719e+00
1.955437302589416504e+00
2.018193006515502930e+00
1.749350786209106445e+00
2.098501205444335938e+00
2.328642606735229492e+00
1.943448066711425781e+00
2.072730302810668945e+00
1.784364581108093262e+00
1.823577404022216797e+00
2.128857374191284180e+00
1.908240795135498047e+00
2.194861412048339844e+00
2.223653078079223633e+00
2.451874017715454102e+00
2.486904382705688477e+00
2.464482069015502930e+00
2.328127384185791016e+00
2.500310420989990234e+00
2.483431100845336914e+00
2.311308383941650391e+00
2.478094339370727539e+00
2.448109626770019531e+00
2.459743261337280273e+00
2.334530115127563477e+00
2.861769199371337891e+00
2.658599853515625000e+00
2.822118043899536133e+00
2.623446226119995117e+00
2.781862735748291016e+00
2.945471763610839844e+00
2.808141231536865234e+00
2.699354648590087891e+00
2.906559467315673828e+00
2.753058433532714844e+00
2.828027486801147461e+00
2.893344879150390625e+00
2.910703420639038086e+00
3.125414133071899414e+00
2.996034383773803711e+00
2.987853765487670898e+00
3.084364414215087891e+00
3.369013071060180664e+00
3.069899082183837891e+00
3.037083148956298828e+00
3.038270711898803711e+00
2.935560226440429688e+00
3.367616176605224609e+00
3.235482215881347656e+00
3.022439002990722656e+00
3.344117879867553711e+00
3.381072998046875000e+00
3.494149446487426758e+00
3.373400449752807617e+00
3.419749259948730469e+00
3.382337093353271484e+00
3.653235435485839844e+00
3.574367046356201172e+00
3.661013841629028320e+00
3.936070919036865234e+00
3.579243898391723633e+00
3.428133010864257812e+00
3.605359077453613281e+00
3.715911865234375000e+00
3.717765331268310547e+00
3.912457227706909180e+00
3.841685056686401367e+00
3.860911130905151367e+00
3.834007501602172852e+00
3.604375600814819336e+00
3.627831220626831055e+00
3.950818061828613281e+00
3.972256183624267578e+00
3.679522514343261719e+00
3.804203033447265625e+00
3.959762096405029297e+00
3.972452640533447266e+00
3.761880159378051758e+00
4.003478527069091797e+00
3.896832942962646484e+00
3.857801437377929688e+00
3.962079763412475586e+00
3.971936464309692383e+00
4.192543506622314453e+00
3.864259243011474609e+00
4.324827671051025391e+00
4.111652851104736328e+00
4.130174636840820312e+00
4.211929798126220703e+00
3.995753765106201172e+00
3.759035587310791016e+00
4.128528594970703125e+00
4.115942955017089844e+00
4.073174476623535156e+00
4.093986034393310547e+00
4.099804878234863281e+00
4.631258964538574219e+00
4.102939128875732422e+00
4.416613101959228516e+00
4.198699474334716797e+00
4.141043186187744141e+00
4.358041763305664062e+00
4.394196033477783203e+00
4.076903820037841797e+00
4.329192161560058594e+00
4.007609844207763672e+00
4.270087718963623047e+00
4.163322925567626953e+00
4.483726024627685547e+00
4.212146282196044922e+00
4.031596660614013672e+00
4.575626850128173828e+00
4.440336704254150391e+00
4.392173290252685547e+00
4.436858654022216797e+00
4.333395004272460938e+00
4.246832370758056641e+00
4.467612266540527344e+00
4.294128417968750000e+00
4.614023208618164062e+00
4.567945480346679688e+00
4.510576725006103516e+00
4.418315410614013672e+00
4.360553264617919922e+00
4.381358146667480469e+00
4.476212501525878906e+00
4.378020286560058594e+00
4.611174106597900391e+00
4.470711708068847656e+00
4.276247024536132812e+00
4.654391288757324219e+00
4.203924179077148438e+00
4.416312217712402344e+00
4.532795906066894531e+00
4.427625656127929688e+00
4.211371421813964844e+00
4.314150333404541016e+00
4.495975971221923828e+00
4.729173660278320312e+00
4.613939762115478516e+00
4.346370220184326172e+00
4.580796718597412109e+00
4.480865001678466797e+00
4.544716358184814453e+00
4.359085559844970703e+00
4.367007255554199219e+00
4.443891048431396484e+00
4.365630626678466797e+00
4.497900485992431641e+00
4.568987846374511719e+00
4.170662879943847656e+00
4.295118808746337891e+00
4.366373538970947266e+00
4.540081024169921875e+00
4.579097270965576172e+00
4.365588665008544922e+00
4.337284088134765625e+00
4.118900299072265625e+00
4.523815631866455078e+00
4.685390472412109375e+00
4.573028564453125000e+00
4.539134502410888672e+00
4.329502582550048828e+00
4.584615707397460938e+00
4.071615695953369141e+00
4.444195270538330078e+00
4.358462810516357422e+00
4.342009067535400391e+00
4.134539604187011719e+00
4.672378063201904297e+00
4.317954540252685547e+00
4.151865959167480469e+00
4.162141323089599609e+00
4.353876590728759766e+00
4.503308296203613281e+00
4.583465576171875000e+00
4.579943180084228516e+00
4.460024356842041016e+00
4.074768066406250000e+00
4.271603584289550781e+00
4.300931453704833984e+00
4.240180492401123047e+00
3.917022228240966797e+00
4.100089073181152344e+00
4.286734580993652344e+00
3.982396602630615234e+00
4.082741737365722656e+00
4.314204216003417969e+00
3.911637544631958008e+00
4.163476467132568359e+00
4.144798755645751953e+00
4.288143634796142578e+00
4.100107669830322266e+00
4.232061386108398438e+00
4.195796966552734375e+00
4.017720222473144531e+00
4.022622585296630859e+00
4.331723213195800781e+00
4.413128852844238281e+00
4.223246097564697266e+00
3.975314378738403320e+00
4.147315979003906250e+00
3.954715490341186523e+00
4.062622070312500000e+00
4.113905429840087891e+00
4.004583835601806641e+00
3.946933746337890625e+00
3.835063934326171875e+00
3.857782363891601562e+00
3.947983741760253906e+00
3.875989437103271484e+00
4.061847209930419922e+00
3.826813697814941406e+00
3.810461759567260742e+00
4.033630371093750000e+00
4.068246364593505859e+00
3.965229988098144531e+00
3.748314142227172852e+00
3.589407205581665039e+00
3.401407718658447266e+00
3.689458847045898438e+00
3.372912883758544922e+00
3.797617197036743164e+00
3.415952444076538086e+00
3.342343568801879883e+00
3.685836791992187500e+00
3.454435825347900391e+00
3.545409202575683594e+00
3.291246414184570312e+00
3.389968395233154297e+00
3.390372037887573242e+00
3.212875604629516602e+00
3.373770713806152344e+00
3.338421821594238281e+00
3.359879016876220703e+00
3.419871091842651367e+00
3.394530057907104492e+00
3.309556484222412109e+00
3.381479263305664062e+00
3.195322275161743164e+00
2.882717847824096680e+00
3.334930896759033203e+00
3.294191360473632812e+00
3.261278390884399414e+00
3.387490987777709961e+00
3.273276567459106445e+00
3.124605655670166016e+00
2.984297752380371094e+00
3.198792457580566406e+00
3.057718276977539062e+00
3.032911062240600586e+00
3.137171030044555664e+00
3.035426855087280273e+00
2.907500267028808594e+00
2.713465690612792969e+00
2.798076868057250977e+00
2.683280467987060547e+00
2.897126674652099609e+00
2.796079397201538086e+00
2.690959215164184570e+00
2.513711929321289062e+00
2.727618694305419922e+00
2.617998361587524414e+00
2.699097633361816406e+00
2.560399293899536133e+00
2.685594320297241211e+00
2.460952043533325195e+00
2.582423686981201172e+00
2.475466251373291016e+00
2.283942461013793945e+00
2.391545772552490234e+00
2.225357770919799805e+00
2.367717266082763672e+00
2.506902694702148438e+00
2.308514118194580078e+00
2.029070615768432617e+00
2.332900047302246094e+00
2.023573160171508789e+00
2.074410915374755859e+00
2.126654386520385742e+00
1.874568104743957520e+00
1.722878098487854004e+00
1.926138997077941895e+00
1.687757015228271484e+00
1.969119548797607422e+00
1.688181877136230469e+00
1.724986791610717773e+00
1.650596499443054199e+00
1.592289209365844727e+00
1.514283180236816406e+00
1.358427047729492188e+00
1.503911733627319336e+00
1.533760666847229004e+00
1.498062610626220703e+00
