3.515645503997802734e+00
3.377483367919921875e+00
3.409362077713012695e+00
3.327541112899780273e+00
3.261688947677612305e+00
3.281008481979370117e+00
3.192658424377441406e+00
3.406719446182250977e+00
3.393233537673950195e+00
3.048687219619750977e+00
3.322671413421630859e+00
3.478182077407836914e+00
3.018894195556640625e+00
3.074620962142944336e+00
2.713235139846801758e+00
2.679965496063232422e+00
2.913300752639770508e+00
2.621274948120117188e+00
2.837024211883544922e+00
2.795481443405151367e+00
2.953903913497924805e+00
2.919673681259155273e+00
2.828527212142944336e+00
2.623985290527343750e+00
2.728518486022949219e+00
2.644525289535522461e+00
2.405826330184936523e+00
2.506572961807250977e+00
2.411085128784179688e+00
2.357753515243530273e+00
2.168111085891723633e+00
2.631458759307861328e+00
2.364934921264648438e+00
2.465634584426879883e+00
2.204681158065795898e+00
2.301353931427001953e+00
2.403755187988281250e+00
2.205753803253173828e+00
2.036834239959716797e+00
2.184442043304443359e+00
1.971881508827209473e+00
1.988327622413635254e+00
1.995658993721008301e+00
1.955568909645080566e+00
2.113367319107055664e+00
1.927612423896789551e+00
1.863593697547912598e+00
1.904802560806274414e+00
2.134686946868896484e+00
1.781345129013061523e+00
1.694838523864746094e+00
1.642872452735900879e+00
1.487545251846313477e+00
1.867521405220031738e+00
1.683843731880187988e+00
1.419794917106628418e+00
1.691004276275634766e+00
1.678027391433715820e+00
1.741708159446716309e+00
1.572100639343261719e+00
1.570127964019775391e+00
1.484930634498596191e+00
1.708581447601318359e+00
1.583002567291259766e+00
1.623475313186645508e+00
1.852894783020019531e+00
1.450967907905578613e+00
1.255293846130371094e+00
1.388493537902832031e+00
1.455556869506835938e+00
1.414457678794860840e+00
1.566733956336975098e+00
1.454083204269409180e+00
1.431967496871948242e+00
1.364259004592895508e+00
1.094359278678894043e+00
1.078083157539367676e+00
1.361876010894775391e+00
1.344656944274902344e+00
1.013803124427795410e+00
1.100899696350097656e+00
1.219412446022033691e+00
1.195593237876892090e+00
9.490481615066528320e-01
1.155210614204406738e+00
1.013666033744812012e+00
9.402728676795959473e-01
1.010725617408752441e+00
9.872943758964538574e-01
1.175150275230407715e+00
8.146512508392333984e-01
1.243542194366455078e+00
9.992270469665527344e-01
9.871446490287780762e-01
1.038833141326904297e+00
7.931274175643920898e-01
5.274165868759155273e-01
8.684532046318054199e-01
8.279482722282409668e-01
7.577974200248718262e-01
7.517637014389038086e-01
7.312746047973632812e-01
1.236956477165222168e+00
6.834027767181396484e-01
9.723785519599914551e-01
7.303043007850646973e-01
6.490245461463928223e-01
8.429355621337890625e-01
8.565397858619689941e-01
5.172342658042907715e-01
7.480467557907104492e-01
4.055248796939849854e-01
6.476002335548400879e-01
5.209698677062988281e-01
8.220442533493041992e-01
5.316730737686157227e-01
3.328681290149688721e-01
8.591810464859008789e-01
7.067095041275024414e-01
6.419020891189575195e-01
6.704802513122558594e-01
5.514459013938903809e-01
4.498504996299743652e-01
6.561338901519775391e-01
4.686902165412902832e-01
7.751626968383789062e-01
7.161989212036132812e-01
6.464812755584716797e-01
5.424075126647949219e-01
4.733709990978240967e-01
4.834376275539398193e-01
5.680907368659973145e-01
4.602337181568145752e-01
6.842605471611022949e-01
5.352075695991516113e-01
3.326890468597412109e-01
7.033168077468872070e-01
2.458696365356445312e-01
4.518155455589294434e-01
5.623931288719177246e-01
4.518536925315856934e-01
2.307671904563903809e-01
3.292506337165832520e-01
5.073182582855224609e-01
7.372944355010986328e-01
6.193757057189941406e-01
3.496584892272949219e-01
5.824742317199707031e-01
4.814690351486206055e-01
5.447831153869628906e-01
3.591523468494415283e-01
3.676109910011291504e-01
4.455685615539550781e-01
3.689191937446594238e-01
5.033366084098815918e-01
5.771082639694213867e-01
1.820051074028015137e-01
3.102194964885711670e-01
3.857692778110504150e-01
5.643088817596435547e-01
6.086943149566650391e-01
4.010917544364929199e-01
3.792297840118408203e-01
1.678258180618286133e-01
5.802578926086425781e-01
7.498863935470581055e-01
6.461151838302612305e-01
6.213480234146118164e-01
4.213806092739105225e-01
6.866950988769531250e-01
1.844331622123718262e-01
5.682876110076904297e-01
4.943672120571136475e-01
4.902627170085906982e-01
2.956791520118713379e-01
8.469395637512207031e-01
5.064759254455566406e-01
3.548839092254638672e-01
3.801923990249633789e-01
5.874980092048645020e-01
7.530374526977539062e-01
8.498381376266479492e-01
8.634971380233764648e-01
7.612959742546081543e-01
3.942947983741760254e-01
6.099215745925903320e-01
6.585786342620849609e-01
6.176930665969848633e-01
3.149370849132537842e-01
5.189435482025146484e-01
7.270653843879699707e-01
4.447404146194458008e-01
5.676354169845581055e-01
8.221851587295532227e-01
4.432422816753387451e-01
7.192419171333312988e-01
7.252620458602905273e-01
8.938412666320800781e-01
7.315770983695983887e-01
8.898394107818603516e-01
8.804201483726501465e-01
7.297258377075195312e-01
7.625468969345092773e-01
1.100104093551635742e+00
1.210502505302429199e+00
1.050149440765380859e+00
8.322843313217163086e-01
1.034890413284301758e+00
8.734300136566162109e-01
1.013013720512390137e+00
1.096512198448181152e+00
1.019941449165344238e+00
9.955796003341674805e-01
9.175353050231933594e-01
9.746155738830566406e-01
1.099715709686279297e+00
1.063157677650451660e+00
1.284988164901733398e+00
1.086463928222656250e+00
1.107158541679382324e+00
1.367910742759704590e+00
1.440646886825561523e+00
1.376288175582885742e+00
1.198566436767578125e+00
1.079390406608581543e+00
9.316589832305908203e-01
1.260515093803405762e+00
9.853109121322631836e-01
1.451893806457519531e+00
1.112644910812377930e+00
1.081988573074340820e+00
1.468971014022827148e+00
1.281596660614013672e+00
1.417133212089538574e+00
1.208070278167724609e+00
1.352429866790771484e+00
1.399007558822631836e+00
1.268221497535705566e+00
1.476364612579345703e+00
1.488800525665283203e+00
1.558578968048095703e+00
1.667430162429809570e+00
1.691484332084655762e+00
1.656442880630493164e+00
1.778835535049438477e+00
1.643683910369873047e+00
1.382622838020324707e+00
1.886915445327758789e+00
1.898793339729309082e+00
1.919033765792846680e+00
2.098936796188354492e+00
2.038950204849243164e+00
1.945043802261352539e+00
1.860037326812744141e+00
2.130370378494262695e+00
2.045671463012695312e+00
2.077776193618774414e+00
2.239485502243041992e+00
2.195727109909057617e+00
2.126323223114013672e+00
1.991348743438720703e+00
2.135556459426879883e+00
2.080893039703369141e+00
2.355410575866699219e+00
2.315570592880249023e+00
2.272194147109985352e+00
2.157228469848632812e+00
2.433953762054443359e+00
2.387687921524047852e+00
2.532678604125976562e+00
2.458409547805786133e+00
2.648569822311401367e+00
2.489430189132690430e+00
2.676941633224487305e+00
2.636560440063476562e+00
2.512150049209594727e+00
2.687403917312622070e+00
2.589402914047241211e+00
2.800486326217651367e+00
3.008933067321777344e+00
2.880342483520507812e+00
2.671233415603637695e+00
3.045934677124023438e+00
2.808016538619995117e+00
2.930799007415771484e+00
3.055525541305541992e+00
2.876458644866943359e+00
2.798324108123779297e+00
3.075679063796997070e+00
2.911927223205566406e+00
3.268455982208251953e+00
3.063221931457519531e+00
3.176268815994262695e+00
3.178655624389648438e+00
3.197662591934204102e+00
3.197508096694946289e+00
3.120040416717529297e+00
3.344449996948242188e+00
3.453761816024780273e+00
3.498062610626220703e+00
